* Measurement data measured by REW V5.31.3
* Source: EXCL: Headset (USB-C to 3.5mm Headphone Jack Adapter), MICROPHONE (Master Volume), 0, volume: 0.200
* Format: 256k Log Swept Sine, 1 sweep at -12.0 dBFS with no timing reference
* Dated: Jun 13, 2025 2:31:33 PM
* REW Settings:
*  C-weighting compensation: Off
*  Target level: 75.0 dB
* Note: ; 
* Measurement: Arya Stealth 2 L10
* Smoothing: 1/6 octave
* Frequency Step: 96 ppo
* Start Frequency: 20.0 Hz
*
* Freq(Hz) SPL(dB) Phase(degrees)
20.187378 65.356 -97.5887
20.333664 65.389 -97.7469
20.481010 65.432 -97.9591
20.629424 65.487 -98.2196
20.778913 65.551 -98.5226
20.929486 65.623 -98.8625
21.081150 65.703 -99.2342
21.233912 65.789 -99.6335
21.387782 65.879 -100.0568
21.542767 65.972 -100.5009
21.698874 66.066 -100.9629
21.856113 66.160 -101.4398
22.014492 66.253 -101.9289
22.174018 66.342 -102.4271
22.334700 66.427 -102.9316
22.496546 66.506 -103.4395
22.659566 66.579 -103.9482
22.823766 66.645 -104.4553
22.989157 66.703 -104.9590
23.155745 66.753 -105.4582
23.323542 66.796 -105.9523
23.492554 66.830 -106.4413
23.662790 66.858 -106.9258
23.834261 66.877 -107.4070
24.006973 66.891 -107.8860
24.180938 66.899 -108.3646
24.356163 66.902 -108.8443
24.532658 66.901 -109.3267
24.710431 66.898 -109.8134
24.889493 66.893 -110.3059
25.069853 66.888 -110.8053
25.251519 66.884 -111.3129
25.434502 66.881 -111.8293
25.618811 66.881 -112.3549
25.804456 66.884 -112.8893
25.991445 66.890 -113.4311
26.179790 66.898 -113.9779
26.369500 66.909 -114.5263
26.560584 66.921 -115.0716
26.753053 66.934 -115.6083
26.946917 66.946 -116.1303
27.142185 66.958 -116.6318
27.338869 66.969 -117.1078
27.536977 66.979 -117.5547
27.736522 66.987 -117.9709
27.937512 66.995 -118.3577
28.139959 67.002 -118.7185
28.343872 67.009 -119.0595
28.549264 67.016 -119.3883
28.756143 67.024 -119.7133
28.964522 67.032 -120.0428
29.174411 67.041 -120.3836
29.385821 67.050 -120.7402
29.598763 67.060 -121.1147
29.813248 67.071 -121.5061
30.029287 67.082 -121.9114
30.246891 67.094 -122.3256
30.466073 67.108 -122.7434
30.686842 67.125 -123.1598
30.909212 67.145 -123.5707
31.133193 67.169 -123.9739
31.358797 67.198 -124.3690
31.586035 67.232 -124.7568
31.814921 67.270 -125.1394
32.045465 67.312 -125.5194
32.277680 67.358 -125.8991
32.511577 67.407 -126.2803
32.747169 67.458 -126.6642
32.984469 67.511 -127.0512
33.223488 67.566 -127.4411
33.464239 67.624 -127.8334
33.706735 67.683 -128.2272
33.950987 67.745 -128.6216
34.197010 67.810 -129.0155
34.444816 67.877 -129.4076
34.694417 67.946 -129.7965
34.945827 68.018 -130.1806
35.199059 68.092 -130.5583
35.454126 68.166 -130.9280
35.711041 68.241 -131.2885
35.969818 68.316 -131.6386
36.230470 68.391 -131.9775
36.493011 68.464 -132.3046
36.757455 68.535 -132.6196
37.023814 68.604 -132.9223
37.292104 68.672 -133.2130
37.562338 68.737 -133.4927
37.834530 68.801 -133.7629
38.108695 68.863 -134.0260
38.384846 68.925 -134.2853
38.662999 68.985 -134.5444
38.943167 69.045 -134.8070
39.225365 69.104 -135.0765
39.509608 69.162 -135.3558
39.795911 69.219 -135.6467
40.084289 69.275 -135.9501
40.374756 69.331 -136.2663
40.667328 69.386 -136.5946
40.962020 69.439 -136.9340
41.258848 69.491 -137.2834
41.557827 69.542 -137.6412
41.858972 69.592 -138.0059
42.162299 69.639 -138.3760
42.467824 69.684 -138.7498
42.775564 69.727 -139.1259
43.085533 69.766 -139.5024
43.397749 69.803 -139.8777
43.712227 69.836 -140.2492
44.028983 69.867 -140.6143
44.348036 69.894 -140.9697
44.669400 69.919 -141.3124
44.993093 69.941 -141.6396
45.319131 69.960 -141.9498
45.647532 69.978 -142.2430
45.978313 69.993 -142.5212
46.311491 70.007 -142.7881
46.647083 70.019 -143.0485
46.985107 70.030 -143.3075
47.325581 70.040 -143.5700
47.668521 70.050 -143.8392
48.013947 70.060 -144.1171
48.361876 70.070 -144.4036
48.712326 70.082 -144.6970
49.065315 70.095 -144.9944
49.420863 70.110 -145.2924
49.778987 70.126 -145.5884
50.139706 70.143 -145.8815
50.503039 70.160 -146.1736
50.869005 70.177 -146.4689
51.237623 70.194 -146.7735
51.608912 70.208 -147.0927
51.982891 70.220 -147.4295
52.359580 70.229 -147.7829
52.739000 70.235 -148.1482
53.121168 70.237 -148.5183
53.506106 70.237 -148.8856
53.893833 70.236 -149.2437
54.284370 70.233 -149.5885
54.677737 70.231 -149.9182
55.073955 70.230 -150.2327
55.473043 70.231 -150.5336
55.875024 70.234 -150.8230
56.279917 70.240 -151.1030
56.687745 70.251 -151.3753
57.098527 70.266 -151.6403
57.512287 70.285 -151.8976
57.929045 70.308 -152.1464
58.348822 70.333 -152.3870
58.771642 70.360 -152.6210
59.197525 70.387 -152.8515
59.626495 70.412 -153.0818
60.058573 70.434 -153.3151
60.493782 70.453 -153.5530
60.932145 70.471 -153.7966
61.373685 70.487 -154.0467
61.818424 70.503 -154.3037
62.266386 70.521 -154.5677
62.717593 70.542 -154.8382
63.172071 70.566 -155.1138
63.629842 70.594 -155.3931
64.090930 70.625 -155.6749
64.555359 70.659 -155.9584
65.023154 70.696 -156.2435
65.494339 70.735 -156.5305
65.968938 70.775 -156.8197
66.446976 70.817 -157.1115
66.928478 70.860 -157.4059
67.413469 70.903 -157.7029
67.901975 70.947 -158.0022
68.394021 70.990 -158.3036
68.889632 71.032 -158.6068
69.388835 71.073 -158.9120
69.891655 71.113 -159.2195
70.398118 71.150 -159.5301
70.908252 71.186 -159.8448
71.422083 71.220 -160.1643
71.939636 71.251 -160.4891
72.460941 71.278 -160.8191
72.986023 71.303 -161.1537
73.514909 71.325 -161.4922
74.047629 71.344 -161.8339
74.584208 71.360 -162.1781
75.124676 71.372 -162.5244
75.669061 71.382 -162.8725
76.217390 71.390 -163.2219
76.769692 71.396 -163.5724
77.325997 71.399 -163.9239
77.886333 71.402 -164.2764
78.450730 71.403 -164.6304
79.019216 71.402 -164.9863
79.591822 71.401 -165.3449
80.168577 71.397 -165.7066
80.749512 71.393 -166.0717
81.334656 71.387 -166.4395
81.924040 71.379 -166.8093
82.517696 71.370 -167.1796
83.115653 71.359 -167.5491
83.717943 71.347 -167.9163
84.324598 71.333 -168.2799
84.935649 71.318 -168.6388
85.551128 71.301 -168.9921
86.171066 71.284 -169.3394
86.795497 71.265 -169.6807
87.424453 71.246 -170.0159
88.057967 71.227 -170.3451
88.696071 71.208 -170.6684
89.338800 71.189 -170.9858
89.986185 71.170 -171.2972
90.638262 71.150 -171.6025
91.295065 71.131 -171.9020
91.956626 71.111 -172.1962
92.622982 71.091 -172.4854
93.294166 71.069 -172.7704
93.970214 71.048 -173.0517
94.651161 71.025 -173.3294
95.337042 71.002 -173.6036
96.027894 70.978 -173.8737
96.723752 70.953 -174.1392
97.424652 70.929 -174.3990
98.130631 70.904 -174.6526
98.841726 70.878 -174.8992
99.557974 70.853 -175.1388
100.279412 70.827 -175.3715
101.006078 70.802 -175.5980
101.738010 70.777 -175.8197
102.475245 70.754 -176.0388
103.217823 70.733 -176.2581
103.965782 70.714 -176.4803
104.719161 70.697 -176.7073
105.477999 70.684 -176.9395
106.242336 70.673 -177.1760
107.012212 70.664 -177.4151
107.787666 70.656 -177.6545
108.568740 70.650 -177.8923
109.355474 70.644 -178.1264
110.147909 70.639 -178.3553
110.946086 70.635 -178.5782
111.750047 70.631 -178.7948
112.559834 70.628 -179.0054
113.375489 70.626 -179.2108
114.197055 70.626 -179.4114
115.024574 70.626 -179.6081
115.858089 70.627 -179.8012
116.697645 70.629 -179.9917
117.543284 70.632 179.8191
118.395051 70.636 179.6298
119.252990 70.639 179.4387
120.117147 70.643 179.2445
120.987565 70.647 179.0465
121.864291 70.650 178.8445
122.747370 70.653 178.6388
123.636848 70.655 178.4295
124.532771 70.657 178.2170
125.435187 70.658 178.0012
126.344142 70.658 177.7817
127.259684 70.656 177.5578
128.181860 70.654 177.3287
129.110718 70.650 177.0935
130.046308 70.644 176.8519
130.988677 70.636 176.6040
131.937875 70.625 176.3505
132.893951 70.612 176.0924
133.856956 70.597 175.8311
134.826938 70.578 175.5673
135.803950 70.557 175.3018
136.788041 70.533 175.0351
137.779264 70.506 174.7679
138.777669 70.476 174.5012
139.783309 70.443 174.2358
140.796237 70.407 173.9731
141.816504 70.369 173.7142
142.844165 70.328 173.4603
143.879273 70.284 173.2128
144.921881 70.237 172.9727
145.972045 70.189 172.7413
147.029819 70.138 172.5204
148.095257 70.085 172.3116
149.168417 70.029 172.1172
150.249353 69.972 171.9392
151.338121 69.912 171.7796
152.434780 69.851 171.6399
153.539385 69.788 171.5215
154.651995 69.724 171.4258
155.772667 69.660 171.3536
156.901460 69.596 171.3062
158.038432 69.531 171.2844
159.183644 69.468 171.2886
160.337154 69.406 171.3186
161.499023 69.346 171.3735
162.669312 69.288 171.4522
163.848081 69.233 171.5531
165.035392 69.182 171.6745
166.231306 69.135 171.8141
167.435887 69.092 171.9694
168.649196 69.052 172.1380
169.871298 69.018 172.3171
171.102255 68.987 172.5041
172.342133 68.960 172.6963
173.590995 68.937 172.8908
174.848907 68.918 173.0847
176.115934 68.902 173.2754
177.392143 68.889 173.4604
178.677599 68.878 173.6380
179.972371 68.869 173.8067
181.276525 68.862 173.9656
182.590129 68.856 174.1139
183.913252 68.851 174.2514
185.245964 68.847 174.3783
186.588332 68.844 174.4951
187.940428 68.842 174.6033
189.302322 68.841 174.7042
190.674085 68.841 174.7991
192.055788 68.843 174.8884
193.447503 68.846 174.9719
194.849303 68.850 175.0482
196.261262 68.855 175.1155
197.683452 68.860 175.1719
199.115948 68.865 175.2157
200.558824 68.871 175.2457
202.012156 68.876 175.2613
203.476019 68.881 175.2625
204.950490 68.886 175.2495
206.435646 68.891 175.2228
207.931564 68.896 175.1829
209.438322 68.900 175.1310
210.955998 68.905 175.0681
212.484672 68.909 174.9955
214.024424 68.913 174.9141
215.575333 68.918 174.8246
217.137481 68.922 174.7281
218.710948 68.927 174.6256
220.295818 68.932 174.5185
221.892172 68.937 174.4083
223.500094 68.943 174.2961
225.119668 68.949 174.1829
226.750978 68.957 174.0687
228.394109 68.965 173.9536
230.049147 68.975 173.8370
231.716178 68.986 173.7187
233.395289 68.999 173.5983
235.086567 69.013 173.4757
236.790102 69.028 173.3515
238.505980 69.045 173.2264
240.234293 69.063 173.1014
241.975130 69.082 172.9777
243.728581 69.101 172.8558
245.494739 69.121 172.7360
247.273695 69.141 172.6182
249.065542 69.161 172.5014
250.870374 69.182 172.3842
252.688284 69.202 172.2645
254.519367 69.223 172.1401
256.363720 69.244 172.0085
258.221437 69.264 171.8681
260.092616 69.285 171.7177
261.977354 69.307 171.5567
263.875750 69.328 171.3849
265.787903 69.350 171.2017
267.713911 69.371 171.0063
269.653877 69.391 170.7982
271.607900 69.411 170.5773
273.576083 69.430 170.3436
275.558528 69.448 170.0973
277.555338 69.464 169.8382
279.566619 69.477 169.5661
281.592474 69.489 169.2808
283.633009 69.497 168.9822
285.688331 69.503 168.6708
287.758546 69.506 168.3476
289.843763 69.506 168.0142
291.944090 69.502 167.6725
294.059638 69.495 167.3250
296.190515 69.483 166.9743
298.336833 69.468 166.6237
300.498705 69.450 166.2772
302.676243 69.427 165.9393
304.869559 69.400 165.6145
307.078770 69.370 165.3080
309.303989 69.335 165.0248
311.545334 69.297 164.7697
313.802919 69.256 164.5469
316.076865 69.211 164.3600
318.367288 69.165 164.2119
320.674309 69.117 164.1042
322.998047 69.069 164.0381
325.338624 69.021 164.0130
327.696162 68.973 164.0274
330.070783 68.928 164.0789
332.462612 68.884 164.1640
334.871773 68.843 164.2790
337.298392 68.804 164.4196
339.742595 68.768 164.5822
342.204510 68.733 164.7630
344.684265 68.701 164.9592
347.181989 68.672 165.1680
349.697813 68.644 165.3871
352.231868 68.620 165.6144
354.784285 68.598 165.8481
357.355198 68.579 166.0862
359.944741 68.564 166.3270
362.553049 68.552 166.5687
365.180258 68.544 166.8095
367.826505 68.539 167.0472
370.491927 68.538 167.2794
373.176665 68.540 167.5032
375.880856 68.545 167.7159
378.604644 68.553 167.9146
381.348169 68.564 168.0965
384.111575 68.576 168.2590
386.895006 68.591 168.4001
389.698607 68.607 168.5181
392.522524 68.624 168.6119
395.366904 68.642 168.6815
398.231895 68.660 168.7278
401.117648 68.679 168.7526
404.024312 68.699 168.7590
406.952038 68.718 168.7508
409.900981 68.737 168.7315
412.871292 68.756 168.7040
415.863128 68.774 168.6696
418.876643 68.792 168.6281
421.911996 68.809 168.5779
424.969344 68.824 168.5165
428.048847 68.839 168.4408
431.150666 68.852 168.3478
434.274961 68.864 168.2348
437.421897 68.875 168.0991
440.591636 68.884 167.9384
443.784345 68.891 167.7508
447.000189 68.896 167.5349
450.239337 68.898 167.2897
453.501956 68.899 167.0150
456.788219 68.896 166.7106
460.098294 68.891 166.3768
463.432356 68.882 166.0143
466.790578 68.870 165.6241
470.173135 68.853 165.2076
473.580203 68.831 164.7670
477.011961 68.805 164.3047
480.468586 68.773 163.8240
483.950259 68.734 163.3287
487.457163 68.689 162.8234
490.989478 68.637 162.3131
494.547390 68.578 161.8038
498.131084 68.511 161.3018
501.740748 68.436 160.8145
505.376568 68.354 160.3495
509.038735 68.264 159.9155
512.727439 68.167 159.5215
516.442874 68.064 159.1768
520.185232 67.956 158.8907
523.954708 67.843 158.6713
527.751500 67.727 158.5253
531.575805 67.609 158.4579
535.427822 67.492 158.4724
539.307753 67.377 158.5705
543.215800 67.266 158.7516
547.152165 67.161 159.0139
551.117055 67.062 159.3538
555.110677 66.972 159.7664
559.133237 66.892 160.2457
563.184947 66.822 160.7844
567.266018 66.765 161.3741
571.376661 66.720 162.0050
575.517092 66.689 162.6669
579.687526 66.671 163.3489
583.888181 66.665 164.0402
588.119275 66.672 164.7302
592.381030 66.691 165.4088
596.673667 66.720 166.0669
600.997410 66.758 166.6961
605.352485 66.805 167.2899
609.739119 66.859 167.8433
614.157540 66.920 168.3524
618.607979 66.986 168.8144
623.090667 67.057 169.2263
627.605839 67.133 169.5850
632.153730 67.213 169.8868
636.734576 67.296 170.1276
641.348617 67.382 170.3025
645.996094 67.469 170.4071
650.677248 67.556 170.4377
655.392323 67.643 170.3920
660.141566 67.728 170.2693
664.925224 67.808 170.0708
669.743546 67.884 169.7993
674.596784 67.952 169.4586
679.485191 68.013 169.0530
684.409020 68.065 168.5878
689.368530 68.106 168.0686
694.363979 68.135 167.5023
699.395626 68.152 166.8972
704.463736 68.155 166.2630
709.568570 68.144 165.6115
714.710396 68.118 164.9557
719.889483 68.076 164.3102
725.106099 68.019 163.6907
730.360516 67.945 163.1132
735.653010 67.857 162.5942
740.983855 67.756 162.1502
746.353329 67.642 161.7971
751.761713 67.518 161.5486
757.209288 67.387 161.4149
762.696339 67.252 161.4017
768.223151 67.116 161.5085
773.790013 66.984 161.7302
779.397214 66.857 162.0568
785.045047 66.739 162.4760
790.733808 66.631 162.9738
796.463791 66.536 163.5355
802.235296 66.456 164.1459
808.048623 66.391 164.7893
813.904077 66.342 165.4492
819.801961 66.311 166.1085
825.742584 66.298 166.7498
831.726255 66.302 167.3553
837.753287 66.322 167.9072
843.823992 66.357 168.3885
849.938689 66.406 168.7836
856.097695 66.465 169.0802
862.301332 66.531 169.2695
868.549922 66.602 169.3472
874.843793 66.675 169.3130
881.183272 66.747 169.1703
887.568689 66.815 168.9258
894.000378 66.877 168.5884
900.478673 66.931 168.1683
907.003913 66.976 167.6768
913.576437 67.009 167.1270
920.196588 67.030 166.5336
926.864712 67.038 165.9131
933.581156 67.032 165.2833
940.346270 67.014 164.6622
947.160407 66.983 164.0671
954.023921 66.942 163.5129
960.937172 66.894 163.0117
967.900519 66.840 162.5710
974.914325 66.783 162.1934
981.978956 66.725 161.8765
989.094780 66.670 161.6138
996.262169 66.617 161.3961
1003.481495 66.568 161.2135
1010.753136 66.523 161.0569
1018.077470 66.482 160.9193
1025.454879 66.444 160.7965
1032.885748 66.407 160.6877
1040.370463 66.371 160.5955
1047.909417 66.337 160.5252
1055.503000 66.303 160.4842
1063.151610 66.270 160.4797
1070.855645 66.240 160.5170
1078.615506 66.214 160.5985
1086.431599 66.195 160.7217
1094.304330 66.183 160.8786
1102.234110 66.182 161.0547
1110.221353 66.191 161.2304
1118.266475 66.210 161.3826
1126.369895 66.239 161.4877
1134.532035 66.273 161.5255
1142.753322 66.309 161.4825
1151.034184 66.344 161.3536
1159.375052 66.373 161.1423
1167.776361 66.392 160.8607
1176.238550 66.398 160.5276
1184.762060 66.390 160.1669
1193.347334 66.366 159.8053
1201.994821 66.327 159.4705
1210.704971 66.274 159.1894
1219.478238 66.208 158.9856
1228.315080 66.135 158.8777
1237.215957 66.056 158.8772
1246.181334 65.977 158.9874
1255.211678 65.902 159.2037
1264.307459 65.833 159.5151
1273.469152 65.775 159.9056
1282.697235 65.728 160.3560
1291.992188 65.694 160.8444
1301.354495 65.674 161.3482
1310.784647 65.667 161.8445
1320.283132 65.672 162.3121
1329.850448 65.687 162.7331
1339.487093 65.708 163.0948
1349.193569 65.733 163.3913
1358.970381 65.758 163.6246
1368.818041 65.780 163.8040
1378.737061 65.799 163.9434
1388.727958 65.812 164.0580
1398.791253 65.821 164.1615
1408.927471 65.827 164.2630
1419.137140 65.829 164.3670
1429.420793 65.829 164.4740
1439.778965 65.826 164.5839
1450.212197 65.821 164.6988
1460.721033 65.811 164.8248
1471.306019 65.797 164.9725
1481.967709 65.778 165.1556
1492.706658 65.755 165.3893
1503.523426 65.730 165.6870
1514.418576 65.703 166.0596
1525.392678 65.677 166.5132
1536.446302 65.655 167.0492
1547.580025 65.639 167.6644
1558.794428 65.630 168.3513
1570.090095 65.630 169.0982
1581.467615 65.641 169.8896
1592.927581 65.664 170.7056
1604.470591 65.700 171.5228
1616.097246 65.747 172.3139
1627.808153 65.804 173.0496
1639.603922 65.869 173.7014
1651.485168 65.937 174.2458
1663.452510 66.003 174.6695
1675.506573 66.062 174.9722
1687.647984 66.108 175.1687
1699.877377 66.137 175.2872
1712.195390 66.146 175.3662
1724.602663 66.134 175.4501
1737.099845 66.101 175.5839
1749.687587 66.051 175.8091
1762.366544 65.989 176.1590
1775.137379 65.920 176.6563
1788.000756 65.850 177.3102
1800.957346 65.786 178.1154
1814.007826 65.734 179.0532
1827.152874 65.698 -179.9070
1840.393177 65.682 -178.8032
1853.729425 65.687 -177.6774
1867.162312 65.713 -176.5727
1880.692540 65.757 -175.5298
1894.320813 65.818 -174.5840
1908.047843 65.889 -173.7622
1921.874344 65.967 -173.0813
1935.801038 66.044 -172.5465
1949.828650 66.116 -172.1504
1963.957912 66.178 -171.8744
1978.189561 66.226 -171.6914
1992.524338 66.258 -171.5688
2006.962991 66.272 -171.4723
2021.506272 66.269 -171.3688
2036.154940 66.251 -171.2297
2050.909758 66.221 -171.0322
2065.771495 66.181 -170.7605
2080.740927 66.137 -170.4064
2095.818833 66.092 -169.9705
2111.006001 66.050 -169.4620
2126.303220 66.015 -168.8978
2141.711290 65.988 -168.2990
2157.231013 65.970 -167.6880
2172.863198 65.962 -167.0849
2188.608660 65.963 -166.5050
2204.468221 65.970 -165.9586
2220.442706 65.984 -165.4521
2236.532950 66.001 -164.9877
2252.739789 66.020 -164.5636
2269.064070 66.039 -164.1729
2285.506644 66.056 -163.8038
2302.068367 66.072 -163.4413
2318.750104 66.086 -163.0703
2335.552723 66.099 -162.6782
2352.477101 66.114 -162.2559
2369.524119 66.133 -161.7980
2386.694668 66.157 -161.3033
2403.989641 66.190 -160.7762
2421.409941 66.233 -160.2277
2438.956476 66.289 -159.6738
2456.630160 66.357 -159.1329
2474.431915 66.437 -158.6226
2492.362668 66.529 -158.1580
2510.423356 66.630 -157.7504
2528.614918 66.739 -157.4069
2546.938304 66.853 -157.1286
2565.394469 66.970 -156.9102
2583.984375 67.088 -156.7411
2602.708991 67.208 -156.6079
2621.569293 67.329 -156.4980
2640.566265 67.452 -156.4021
2659.700897 67.580 -156.3170
2678.974186 67.713 -156.2467
2698.387137 67.852 -156.2023
2717.940763 67.998 -156.2009
2737.636082 68.148 -156.2610
2757.474121 68.300 -156.3977
2777.455915 68.449 -156.6181
2797.582506 68.592 -156.9193
2817.854942 68.726 -157.2882
2838.274281 68.848 -157.7048
2858.841586 68.957 -158.1463
2879.557931 69.056 -158.5912
2900.424394 69.143 -159.0221
2921.442065 69.222 -159.4264
2942.612039 69.294 -159.7967
2963.935418 69.361 -160.1306
2985.413316 69.424 -160.4307
3007.046852 69.484 -160.7036
3028.837153 69.542 -160.9597
3050.785356 69.597 -161.2104
3072.892604 69.647 -161.4654
3095.160050 69.690 -161.7303
3117.588856 69.723 -162.0049
3140.180190 69.745 -162.2829
3162.935230 69.752 -162.5531
3185.855163 69.746 -162.8019
3208.941182 69.724 -163.0164
3232.194493 69.688 -163.1853
3255.616307 69.636 -163.2969
3279.207844 69.570 -163.3372
3302.970336 69.490 -163.2893
3326.905021 69.397 -163.1361
3351.013146 69.295 -162.8625
3375.295969 69.185 -162.4587
3399.754755 69.073 -161.9211
3424.390779 68.962 -161.2529
3449.205326 68.855 -160.4623
3474.199690 68.756 -159.5600
3499.375173 68.667 -158.5576
3524.733088 68.591 -157.4678
3550.274757 68.531 -156.3026
3576.001511 68.487 -155.0722
3601.914692 68.463 -153.7850
3628.015651 68.461 -152.4505
3654.305748 68.485 -151.0842
3680.786354 68.536 -149.7095
3707.458849 68.616 -148.3560
3734.324624 68.727 -147.0559
3761.385080 68.868 -145.8380
3788.641627 69.036 -144.7255
3816.095686 69.230 -143.7358
3843.748688 69.446 -142.8825
3871.602076 69.682 -142.1782
3899.657300 69.932 -141.6347
3927.915825 70.192 -141.2606
3956.379122 70.456 -141.0577
3985.048676 70.716 -141.0164
4013.925981 70.969 -141.1116
4043.012544 71.209 -141.3020
4072.309879 71.437 -141.5331
4101.819515 71.654 -141.7478
4131.542990 71.868 -141.9002
4161.481854 72.088 -141.9714
4191.637667 72.322 -141.9785
4222.012001 72.575 -141.9736
4252.606441 72.847 -142.0325
4283.422580 73.135 -142.2352
4314.462026 73.430 -142.6472
4345.726396 73.720 -143.3062
4377.217321 73.997 -144.2199
4408.936442 74.250 -145.3710
4440.885413 74.475 -146.7257
4473.065899 74.666 -148.2405
4505.479579 74.822 -149.8673
4538.128141 74.942 -151.5583
4571.013288 75.029 -153.2703
4604.136735 75.084 -154.9673
4637.500207 75.112 -156.6209
4671.105446 75.116 -158.2099
4704.954201 75.099 -159.7191
4739.048239 75.067 -161.1404
4773.389336 75.024 -162.4720
4807.979283 74.971 -163.7185
4842.819883 74.913 -164.8882
4877.912952 74.851 -165.9903
4913.260320 74.786 -167.0330
4948.863830 74.718 -168.0213
4984.725337 74.648 -168.9569
5020.846712 74.575 -169.8385
5057.229836 74.499 -170.6624
5093.876609 74.422 -171.4226
5130.788938 74.342 -172.1110
5167.968750 74.263 -172.7185
5205.417982 74.185 -173.2361
5243.138586 74.111 -173.6564
5281.132530 74.044 -173.9741
5319.401793 73.988 -174.1875
5357.948371 73.945 -174.2995
5396.774274 73.920 -174.3189
5435.881525 73.916 -174.2603
5475.272163 73.935 -174.1443
5514.948243 73.980 -173.9959
5554.911831 74.051 -173.8431
5595.165012 74.148 -173.7164
5635.709884 74.269 -173.6477
5676.548561 74.411 -173.6690
5717.683172 74.571 -173.8103
5759.115861 74.743 -174.0964
5800.848789 74.920 -174.5450
5842.884130 75.097 -175.1644
5885.224077 75.268 -175.9543
5927.870837 75.427 -176.9060
5970.826633 75.569 -178.0039
6014.093704 75.691 -179.2275
6057.674306 75.789 179.4468
6101.570711 75.861 178.0446
6145.785208 75.907 176.5920
6190.320101 75.926 175.1142
6235.177712 75.917 173.6356
6280.360380 75.880 172.1800
6325.870460 75.818 170.7702
6371.710325 75.730 169.4290
6417.882365 75.618 168.1786
6464.388986 75.485 167.0393
6511.232613 75.335 166.0274
6558.415689 75.171 165.1529
6605.940673 74.999 164.4183
6653.810042 74.824 163.8179
6702.026292 74.649 163.3382
6750.591937 74.481 162.9594
6799.509509 74.322 162.6564
6848.781558 74.175 162.4012
6898.410653 74.042 162.1636
6948.399380 73.926 161.9132
6998.750346 73.827 161.6196
7049.466176 73.746 161.2521
7100.549514 73.683 160.7794
7152.003023 73.637 160.1682
7203.829385 73.608 159.3846
7256.031302 73.592 158.3947
7308.611496 73.587 157.1668
7361.572708 73.587 155.6741
7414.917698 73.587 153.8951
7468.649249 73.581 151.8138
7522.770160 73.563 149.4192
7577.283253 73.527 146.7042
7632.191371 73.466 143.6650
7687.497376 73.377 140.2996
7743.204151 73.255 136.6050
7799.314600 73.097 132.5740
7855.831649 72.903 128.1903
7912.758244 72.674 123.4211
7970.097352 72.414 118.2058
8027.851962 72.128 112.4360
8086.025087 71.826 105.9189
8144.619758 71.516 98.3010
8203.639030 71.211 88.8954
8263.085980 70.925 76.2693
8322.963708 70.672 57.3558
8383.275334 70.465 27.3700
8444.024002 70.314 -10.0451
8505.212881 70.225 -38.7842
8566.845160 70.200 -56.6570
8628.924051 70.237 -68.4581
8691.452792 70.334 -77.0696
8754.434642 70.483 -83.8420
8817.872884 70.680 -89.4404
8881.770826 70.917 -94.2272
8946.131799 71.188 -98.4238
9010.959157 71.487 -102.1810
9076.256282 71.807 -105.6109
9142.026576 72.143 -108.8019
9208.273470 72.488 -111.8257
9275.000415 72.837 -114.7419
9342.210891 73.186 -117.6008
9409.908403 73.530 -120.4444
9478.096478 73.866 -123.3083
9546.778672 74.190 -126.2220
9615.958566 74.499 -129.2098
9685.639765 74.789 -132.2904
9755.825904 75.057 -135.4780
9826.520640 75.298 -138.7811
9897.727659 75.510 -142.2038
9969.450674 75.688 -145.7448
10041.693423 75.829 -149.3971
10114.459673 75.927 -153.1480
10187.753217 75.980 -156.9785
10261.577877 75.984 -160.8635
10335.937500 75.936 -164.7720
10410.835964 75.835 -168.6696
10486.277173 75.680 -172.5189
10562.265060 75.472 -176.2827
10638.803587 75.213 -179.9255
10715.896743 74.905 176.5848
10793.548548 74.552 173.2759
10871.763050 74.159 170.1691
10950.544327 73.732 167.2792
11029.896485 73.275 164.6136
11109.823662 72.796 162.1715
11190.330024 72.301 159.9433
11271.419768 71.798 157.9102
11353.097122 71.295 156.0437
11435.366344 70.799 154.3060
11518.231722 70.318 152.6500
11601.697577 69.859 151.0201
11685.768261 69.430 149.3540
11770.448155 69.035 147.5850
11855.741674 68.676 145.6450
11941.653265 68.355 143.4684
12028.187408 68.066 140.9966
12115.348612 67.800 138.1819
12203.141422 67.548 134.9911
12291.570415 67.293 131.4077
12380.640201 67.020 127.4337
12470.355424 66.715 123.0879
12560.720760 66.362 118.4016
12651.740920 65.952 113.4094
12743.420650 65.479 108.1335
12835.764729 64.942 102.5596
12928.777972 64.349 96.5945
13022.465227 63.713 89.9877
13116.831378 63.054 82.1392
13211.881345 62.400 71.4858
13307.620084 61.784 52.9182
13404.052584 61.240 7.8947
13501.183875 60.798 -52.0773
13599.019019 60.481 -78.3105
13697.563116 60.293 -91.3943
13796.821305 60.225 -100.3278
13896.798760 60.254 -107.5679
13997.500692 60.352 -113.9883
14098.932352 60.488 -119.9714
14201.099028 60.636 -125.7080
14304.006046 60.773 -131.3011
14407.658770 60.881 -136.8042
14512.062604 60.944 -142.2400
14617.222992 60.951 -147.6082
14723.145416 60.895 -152.8921
14829.835397 60.770 -158.0613
14937.298497 60.574 -163.0762
15045.540320 60.306 -167.8927
15154.566507 59.969 -172.4668
15264.382743 59.566 -176.7596
15374.994752 59.105 179.2581
15486.408302 58.595 175.6021
15598.629201 58.044 172.2734
15711.663298 57.463 169.2573
15825.516487 56.865 166.5248
15940.194703 56.260 164.0341
16055.703925 55.660 161.7338
16172.050174 55.076 159.5649
16289.239516 54.517 157.4629
16407.278061 53.992 155.3597
16526.171961 53.507 153.1899
16645.927415 53.063 150.8982
16766.550667 52.661 148.4456
16888.048005 52.298 145.8118
17010.425762 51.972 142.9919
17133.690320 51.686 139.9901
17257.848103 51.443 136.8099
17382.905584 51.252 133.4467
17508.869284 51.125 129.8767
17635.745768 51.074 126.0508
17763.541652 51.106 121.8898
17892.263597 51.222 117.2888
18021.918315 51.413 112.1294
18152.512564 51.665 106.2902
18284.053153 51.956 99.6536
18416.546939 52.268 92.1049
18550.000830 52.584 83.5273
18684.421783 52.890 73.8070
18819.816805 53.177 62.8630
18956.192956 53.437 50.7271
19093.557344 53.666 37.6763
19231.917131 53.862 24.3424
19371.279531 54.024 11.6595
19511.651807 54.153 0.5996
19653.041280 54.249 -8.1061
19795.455318 54.313 -14.0477
19938.901348 54.345 -17.0477
