* Measurement data measured by REW V5.31.3
* Source: EXCL: Headset (USB-C to 3.5mm Headphone Jack Adapter), MICROPHONE (Master Volume), 0, volume: 0.200
* Format: 256k Log Swept Sine, 1 sweep at -12.0 dBFS with no timing reference
* Dated: Jun 13, 2025 2:30:29 PM
* REW Settings:
*  C-weighting compensation: Off
*  Target level: 75.0 dB
* Note: ; 
* Measurement: Arya Stealth 2 L7
* Smoothing: 1/6 octave
* Frequency Step: 96 ppo
* Start Frequency: 20.0 Hz
*
* Freq(Hz) SPL(dB) Phase(degrees)
20.187378 65.278 -96.6151
20.333664 65.301 -96.7711
20.481010 65.334 -96.9791
20.629424 65.374 -97.2319
20.778913 65.423 -97.5219
20.929486 65.479 -97.8423
21.081150 65.543 -98.1872
21.233912 65.614 -98.5523
21.387782 65.690 -98.9350
21.542767 65.773 -99.3342
21.698874 65.860 -99.7496
21.856113 65.951 -100.1823
22.014492 66.043 -100.6332
22.174018 66.137 -101.1033
22.334700 66.231 -101.5929
22.496546 66.322 -102.1014
22.659566 66.409 -102.6272
22.823766 66.492 -103.1671
22.989157 66.568 -103.7172
23.155745 66.638 -104.2725
23.323542 66.701 -104.8277
23.492554 66.756 -105.3775
23.662790 66.803 -105.9171
23.834261 66.844 -106.4427
24.006973 66.877 -106.9520
24.180938 66.905 -107.4442
24.356163 66.928 -107.9200
24.532658 66.946 -108.3818
24.710431 66.960 -108.8327
24.889493 66.970 -109.2769
25.069853 66.977 -109.7183
25.251519 66.981 -110.1605
25.434502 66.981 -110.6065
25.618811 66.979 -111.0582
25.804456 66.974 -111.5165
25.991445 66.967 -111.9814
26.179790 66.958 -112.4520
26.369500 66.948 -112.9272
26.560584 66.938 -113.4054
26.753053 66.927 -113.8853
26.946917 66.918 -114.3654
27.142185 66.911 -114.8446
27.338869 66.906 -115.3220
27.536977 66.904 -115.7966
27.736522 66.904 -116.2677
27.937512 66.907 -116.7349
28.139959 66.913 -117.1978
28.343872 66.921 -117.6565
28.549264 66.931 -118.1113
28.756143 66.943 -118.5632
28.964522 66.956 -119.0133
29.174411 66.970 -119.4630
29.385821 66.985 -119.9134
29.598763 67.000 -120.3651
29.813248 67.015 -120.8182
30.029287 67.031 -121.2715
30.246891 67.048 -121.7230
30.466073 67.067 -122.1697
30.686842 67.087 -122.6084
30.909212 67.111 -123.0357
31.133193 67.138 -123.4487
31.358797 67.171 -123.8456
31.586035 67.208 -124.2255
31.814921 67.251 -124.5891
32.045465 67.299 -124.9380
32.277680 67.352 -125.2748
32.511577 67.410 -125.6024
32.747169 67.470 -125.9241
32.984469 67.532 -126.2431
33.223488 67.596 -126.5623
33.464239 67.660 -126.8844
33.706735 67.723 -127.2116
33.950987 67.786 -127.5460
34.197010 67.848 -127.8890
34.444816 67.909 -128.2414
34.694417 67.970 -128.6032
34.945827 68.030 -128.9736
35.199059 68.091 -129.3508
35.454126 68.153 -129.7325
35.711041 68.215 -130.1155
35.969818 68.278 -130.4966
36.230470 68.341 -130.8730
36.493011 68.406 -131.2420
36.757455 68.471 -131.6023
37.023814 68.537 -131.9533
37.292104 68.602 -132.2955
37.562338 68.667 -132.6303
37.834530 68.730 -132.9596
38.108695 68.792 -133.2856
38.384846 68.852 -133.6099
38.662999 68.911 -133.9339
38.943167 68.967 -134.2579
39.225365 69.022 -134.5816
39.509608 69.075 -134.9043
39.795911 69.126 -135.2247
40.084289 69.176 -135.5419
40.374756 69.225 -135.8557
40.667328 69.273 -136.1661
40.962020 69.319 -136.4742
41.258848 69.364 -136.7813
41.557827 69.407 -137.0891
41.858972 69.448 -137.3988
42.162299 69.488 -137.7114
42.467824 69.526 -138.0274
42.775564 69.562 -138.3467
43.085533 69.597 -138.6693
43.397749 69.631 -138.9948
43.712227 69.663 -139.3233
44.028983 69.695 -139.6548
44.348036 69.725 -139.9892
44.669400 69.753 -140.3263
44.993093 69.778 -140.6656
45.319131 69.802 -141.0065
45.647532 69.823 -141.3484
45.978313 69.843 -141.6909
46.311491 69.861 -142.0342
46.647083 69.879 -142.3790
46.985107 69.896 -142.7260
47.325581 69.914 -143.0757
47.668521 69.931 -143.4283
48.013947 69.949 -143.7835
48.361876 69.968 -144.1409
48.712326 69.986 -144.5000
49.065315 70.004 -144.8604
49.420863 70.022 -145.2218
49.778987 70.040 -145.5827
50.139706 70.058 -145.9407
50.503039 70.075 -146.2918
50.869005 70.091 -146.6313
51.237623 70.107 -146.9546
51.608912 70.120 -147.2580
51.982891 70.132 -147.5397
52.359580 70.141 -147.7999
52.739000 70.146 -148.0403
53.121168 70.148 -148.2642
53.506106 70.147 -148.4757
53.893833 70.143 -148.6795
54.284370 70.137 -148.8800
54.677737 70.130 -149.0808
55.073955 70.123 -149.2836
55.473043 70.116 -149.4879
55.875024 70.111 -149.6909
56.279917 70.107 -149.8886
56.687745 70.105 -150.0768
57.098527 70.104 -150.2528
57.512287 70.104 -150.4162
57.929045 70.105 -150.5697
58.348822 70.108 -150.7193
58.771642 70.114 -150.8742
59.197525 70.123 -151.0455
59.626495 70.136 -151.2446
60.058573 70.152 -151.4800
60.493782 70.173 -151.7557
60.932145 70.198 -152.0695
61.373685 70.227 -152.4145
61.818424 70.258 -152.7807
62.266386 70.293 -153.1578
62.717593 70.330 -153.5371
63.172071 70.370 -153.9123
63.629842 70.412 -154.2794
64.090930 70.456 -154.6363
64.555359 70.501 -154.9820
65.023154 70.547 -155.3165
65.494339 70.594 -155.6404
65.968938 70.641 -155.9543
66.446976 70.688 -156.2593
66.928478 70.736 -156.5565
67.413469 70.783 -156.8472
67.901975 70.829 -157.1328
68.394021 70.875 -157.4151
68.889632 70.920 -157.6960
69.388835 70.964 -157.9777
69.891655 71.006 -158.2628
70.398118 71.047 -158.5535
70.908252 71.085 -158.8517
71.422083 71.121 -159.1587
71.939636 71.154 -159.4747
72.460941 71.185 -159.7995
72.986023 71.213 -160.1326
73.514909 71.239 -160.4728
74.047629 71.262 -160.8190
74.584208 71.284 -161.1703
75.124676 71.302 -161.5259
75.669061 71.318 -161.8853
76.217390 71.332 -162.2483
76.769692 71.343 -162.6147
77.325997 71.352 -162.9842
77.886333 71.358 -163.3567
78.450730 71.362 -163.7317
79.019216 71.364 -164.1091
79.591822 71.363 -164.4885
80.168577 71.360 -164.8693
80.749512 71.356 -165.2506
81.334656 71.350 -165.6315
81.924040 71.343 -166.0107
82.517696 71.334 -166.3870
83.115653 71.324 -166.7595
83.717943 71.313 -167.1276
84.324598 71.300 -167.4913
84.935649 71.287 -167.8506
85.551128 71.273 -168.2059
86.171066 71.258 -168.5573
86.795497 71.242 -168.9051
87.424453 71.225 -169.2491
88.057967 71.207 -169.5892
88.696071 71.189 -169.9247
89.338800 71.170 -170.2552
89.986185 71.150 -170.5800
90.638262 71.129 -170.8991
91.295065 71.108 -171.2124
91.956626 71.086 -171.5206
92.622982 71.064 -171.8245
93.294166 71.041 -172.1252
93.970214 71.018 -172.4234
94.651161 70.996 -172.7202
95.337042 70.973 -173.0161
96.027894 70.950 -173.3118
96.723752 70.928 -173.6074
97.424652 70.905 -173.9027
98.130631 70.883 -174.1973
98.841726 70.860 -174.4901
99.557974 70.839 -174.7802
100.279412 70.817 -175.0665
101.006078 70.796 -175.3479
101.738010 70.776 -175.6233
102.475245 70.757 -175.8917
103.217823 70.739 -176.1518
103.965782 70.721 -176.4029
104.719161 70.705 -176.6442
105.477999 70.689 -176.8761
106.242336 70.674 -177.0996
107.012212 70.661 -177.3159
107.787666 70.648 -177.5263
108.568740 70.637 -177.7317
109.355474 70.628 -177.9325
110.147909 70.621 -178.1289
110.946086 70.615 -178.3212
111.750047 70.611 -178.5099
112.559834 70.609 -178.6959
113.375489 70.608 -178.8803
114.197055 70.609 -179.0642
115.024574 70.612 -179.2482
115.858089 70.615 -179.4327
116.697645 70.618 -179.6180
117.543284 70.622 -179.8041
118.395051 70.625 -179.9913
119.252990 70.628 179.8202
120.117147 70.630 179.6298
120.987565 70.632 179.4370
121.864291 70.632 179.2408
122.747370 70.632 179.0404
123.636848 70.631 178.8348
124.532771 70.629 178.6230
125.435187 70.626 178.4037
126.344142 70.622 178.1757
127.259684 70.617 177.9377
128.181860 70.612 177.6890
129.110718 70.605 177.4294
130.046308 70.597 177.1594
130.988677 70.587 176.8802
131.937875 70.576 176.5937
132.893951 70.563 176.3018
133.856956 70.549 176.0071
134.826938 70.533 175.7120
135.803950 70.515 175.4189
136.788041 70.495 175.1295
137.779264 70.472 174.8450
138.777669 70.447 174.5659
139.783309 70.419 174.2922
140.796237 70.387 174.0237
141.816504 70.353 173.7599
142.844165 70.314 173.5004
143.879273 70.272 173.2449
144.921881 70.226 172.9937
145.972045 70.177 172.7481
147.029819 70.124 172.5102
148.095257 70.068 172.2828
149.168417 70.010 172.0693
150.249353 69.948 171.8729
151.338121 69.885 171.6960
152.434780 69.819 171.5406
153.539385 69.752 171.4072
154.651995 69.684 171.2960
155.772667 69.615 171.2071
156.901460 69.546 171.1411
158.038432 69.476 171.0995
159.183644 69.408 171.0845
160.337154 69.340 171.0978
161.499023 69.275 171.1406
162.669312 69.213 171.2130
163.848081 69.153 171.3138
165.035392 69.097 171.4412
166.231306 69.045 171.5921
167.435887 68.997 171.7634
168.649196 68.953 171.9512
169.871298 68.913 172.1519
171.102255 68.877 172.3621
172.342133 68.845 172.5782
173.590995 68.817 172.7974
174.848907 68.792 173.0172
176.115934 68.771 173.2355
177.392143 68.752 173.4507
178.677599 68.737 173.6616
179.972371 68.724 173.8670
181.276525 68.713 174.0659
182.590129 68.705 174.2567
183.913252 68.698 174.4379
185.245964 68.693 174.6083
186.588332 68.690 174.7665
187.940428 68.688 174.9119
189.302322 68.688 175.0439
190.674085 68.690 175.1625
192.055788 68.694 175.2678
193.447503 68.700 175.3602
194.849303 68.708 175.4403
196.261262 68.716 175.5087
197.683452 68.725 175.5658
199.115948 68.734 175.6119
200.558824 68.743 175.6466
202.012156 68.751 175.6692
203.476019 68.759 175.6785
204.950490 68.766 175.6735
206.435646 68.772 175.6534
207.931564 68.778 175.6183
209.438322 68.784 175.5686
210.955998 68.790 175.5053
212.484672 68.795 175.4300
214.024424 68.801 175.3446
215.575333 68.806 175.2511
217.137481 68.812 175.1514
218.710948 68.817 175.0469
220.295818 68.824 174.9386
221.892172 68.831 174.8269
223.500094 68.839 174.7122
225.119668 68.848 174.5948
226.750978 68.858 174.4754
228.394109 68.870 174.3548
230.049147 68.883 174.2341
231.716178 68.898 174.1144
233.395289 68.913 173.9964
235.086567 68.930 173.8802
236.790102 68.947 173.7654
238.505980 68.964 173.6515
240.234293 68.982 173.5376
241.975130 69.000 173.4230
243.728581 69.018 173.3071
245.494739 69.037 173.1891
247.273695 69.054 173.0685
249.065542 69.072 172.9445
250.870374 69.090 172.8162
252.688284 69.108 172.6831
254.519367 69.126 172.5448
256.363720 69.145 172.4012
258.221437 69.164 172.2523
260.092616 69.184 172.0977
261.977354 69.205 171.9366
263.875750 69.227 171.7679
265.787903 69.249 171.5904
267.713911 69.272 171.4026
269.653877 69.295 171.2033
271.607900 69.318 170.9916
273.576083 69.340 170.7661
275.558528 69.361 170.5259
277.555338 69.381 170.2697
279.566619 69.399 169.9970
281.592474 69.415 169.7075
283.633009 69.429 169.4013
285.688331 69.440 169.0794
287.758546 69.448 168.7431
289.843763 69.454 168.3945
291.944090 69.455 168.0358
294.059638 69.453 167.6698
296.190515 69.447 167.2992
298.336833 69.436 166.9272
300.498705 69.420 166.5579
302.676243 69.399 166.1953
304.869559 69.372 165.8443
307.078770 69.340 165.5099
309.303989 69.303 165.1974
311.545334 69.260 164.9124
313.802919 69.214 164.6597
316.076865 69.164 164.4439
318.367288 69.111 164.2686
320.674309 69.056 164.1359
322.998047 69.001 164.0469
325.338624 68.946 164.0012
327.696162 68.893 163.9974
330.070783 68.841 164.0330
332.462612 68.791 164.1050
334.871773 68.745 164.2098
337.298392 68.701 164.3440
339.742595 68.661 164.5038
342.204510 68.624 164.6859
344.684265 68.590 164.8873
347.181989 68.559 165.1050
349.697813 68.531 165.3365
352.231868 68.506 165.5792
354.784285 68.485 165.8303
357.355198 68.466 166.0871
359.944741 68.450 166.3469
362.553049 68.436 166.6068
365.180258 68.426 166.8641
367.826505 68.418 167.1162
370.491927 68.413 167.3608
373.176665 68.411 167.5958
375.880856 68.412 167.8191
378.604644 68.417 168.0291
381.348169 68.424 168.2241
384.111575 68.435 168.4030
386.895006 68.447 168.5645
389.698607 68.462 168.7079
392.522524 68.478 168.8327
395.366904 68.495 168.9391
398.231895 68.513 169.0275
401.117648 68.532 169.0993
404.024312 68.551 169.1559
406.952038 68.570 169.1990
409.900981 68.588 169.2297
412.871292 68.606 169.2485
415.863128 68.623 169.2548
418.876643 68.639 169.2474
421.911996 68.654 169.2248
424.969344 68.668 169.1851
428.048847 68.681 169.1264
431.150666 68.693 169.0470
434.274961 68.705 168.9451
437.421897 68.716 168.8192
440.591636 68.726 168.6677
443.784345 68.735 168.4891
447.000189 68.743 168.2820
450.239337 68.749 168.0451
453.501956 68.753 167.7771
456.788219 68.755 167.4769
460.098294 68.754 167.1436
463.432356 68.751 166.7772
466.790578 68.743 166.3779
470.173135 68.732 165.9471
473.580203 68.716 165.4869
477.011961 68.695 165.0007
480.468586 68.667 164.4926
483.950259 68.633 163.9678
487.457163 68.592 163.4329
490.989478 68.542 162.8951
494.547390 68.484 162.3621
498.131084 68.417 161.8424
501.740748 68.342 161.3442
505.376568 68.259 160.8758
509.038735 68.168 160.4452
512.727439 68.070 160.0602
516.442874 67.965 159.7281
520.185232 67.855 159.4559
523.954708 67.740 159.2498
527.751500 67.623 159.1153
531.575805 67.505 159.0567
535.427822 67.387 159.0775
539.307753 67.271 159.1794
543.215800 67.159 159.3625
547.152165 67.052 159.6252
551.117055 66.952 159.9641
555.110677 66.861 160.3744
559.133237 66.779 160.8500
563.184947 66.708 161.3833
567.266018 66.648 161.9655
571.376661 66.600 162.5869
575.517092 66.565 163.2371
579.687526 66.543 163.9059
583.888181 66.533 164.5836
588.119275 66.535 165.2609
592.381030 66.548 165.9299
596.673667 66.571 166.5834
600.997410 66.604 167.2162
605.352485 66.646 167.8240
609.739119 66.696 168.4038
614.157540 66.753 168.9525
618.607979 66.818 169.4662
623.090667 66.889 169.9398
627.605839 66.966 170.3667
632.153730 67.050 170.7389
636.734576 67.139 171.0475
641.348617 67.233 171.2839
645.996094 67.329 171.4401
650.677248 67.427 171.5098
655.392323 67.525 171.4894
660.141566 67.620 171.3779
664.925224 67.711 171.1769
669.743546 67.795 170.8906
674.596784 67.873 170.5245
679.485191 67.941 170.0850
684.409020 67.999 169.5791
689.368530 68.046 169.0142
694.363979 68.080 168.3987
699.395626 68.099 167.7426
704.463736 68.104 167.0574
709.568570 68.092 166.3569
714.710396 68.063 165.6565
719.889483 68.017 164.9729
725.106099 67.953 164.3235
730.360516 67.873 163.7261
735.653010 67.778 163.1976
740.983855 67.668 162.7545
746.353329 67.547 162.4111
751.761713 67.416 162.1798
757.209288 67.278 162.0690
762.696339 67.138 162.0829
768.223151 66.998 162.2206
773.790013 66.861 162.4758
779.397214 66.732 162.8376
785.045047 66.612 163.2919
790.733808 66.505 163.8228
796.463791 66.412 164.4134
802.235296 66.334 165.0467
808.048623 66.272 165.7054
813.904077 66.227 166.3727
819.801961 66.200 167.0323
825.742584 66.190 167.6683
831.726255 66.196 168.2646
837.753287 66.219 168.8047
843.823992 66.256 169.2721
849.938689 66.305 169.6519
856.097695 66.364 169.9322
862.301332 66.429 170.1050
868.549922 66.498 170.1672
874.843793 66.568 170.1204
881.183272 66.635 169.9707
887.568689 66.696 169.7274
894.000378 66.750 169.4023
900.478673 66.795 169.0082
907.003913 66.830 168.5587
913.576437 66.855 168.0675
920.196588 66.868 167.5490
926.864712 66.870 167.0178
933.581156 66.861 166.4886
940.346270 66.842 165.9755
947.160407 66.814 165.4914
954.023921 66.780 165.0469
960.937172 66.740 164.6497
967.900519 66.698 164.3038
974.914325 66.656 164.0082
981.978956 66.615 163.7582
989.094780 66.578 163.5452
996.262169 66.545 163.3588
1003.481495 66.516 163.1884
1010.753136 66.492 163.0243
1018.077470 66.472 162.8590
1025.454879 66.453 162.6882
1032.885748 66.436 162.5108
1040.370463 66.418 162.3298
1047.909417 66.399 162.1512
1055.503000 66.378 161.9832
1063.151610 66.354 161.8349
1070.855645 66.328 161.7150
1078.615506 66.302 161.6300
1086.431599 66.276 161.5838
1094.304330 66.251 161.5763
1102.234110 66.231 161.6030
1110.221353 66.215 161.6556
1118.266475 66.206 161.7226
1126.369895 66.202 161.7905
1134.532035 66.203 161.8457
1142.753322 66.209 161.8759
1151.034184 66.216 161.8720
1159.375052 66.222 161.8293
1167.776361 66.226 161.7493
1176.238550 66.224 161.6402
1184.762060 66.214 161.5158
1193.347334 66.197 161.3937
1201.994821 66.171 161.2924
1210.704971 66.138 161.2291
1219.478238 66.101 161.2175
1228.315080 66.060 161.2659
1237.215957 66.021 161.3767
1246.181334 65.983 161.5459
1255.211678 65.951 161.7646
1264.307459 65.926 162.0210
1273.469152 65.908 162.3016
1282.697235 65.897 162.5933
1291.992188 65.894 162.8832
1301.354495 65.897 163.1595
1310.784647 65.906 163.4119
1320.283132 65.919 163.6313
1329.850448 65.934 163.8110
1339.487093 65.950 163.9470
1349.193569 65.964 164.0397
1358.970381 65.973 164.0948
1368.818041 65.977 164.1240
1378.737061 65.974 164.1427
1388.727958 65.964 164.1688
1398.791253 65.947 164.2193
1408.927471 65.926 164.3075
1419.137140 65.902 164.4413
1429.420793 65.877 164.6234
1439.778965 65.854 164.8524
1450.212197 65.832 165.1257
1460.721033 65.814 165.4412
1471.306019 65.798 165.7982
1481.967709 65.786 166.1977
1492.706658 65.779 166.6415
1503.523426 65.777 167.1300
1514.418576 65.781 167.6603
1525.392678 65.793 168.2254
1536.446302 65.812 168.8142
1547.580025 65.840 169.4130
1558.794428 65.876 170.0068
1570.090095 65.918 170.5800
1581.467615 65.967 171.1176
1592.927581 66.018 171.6064
1604.470591 66.071 172.0364
1616.097246 66.123 172.4012
1627.808153 66.170 172.6991
1639.603922 66.210 172.9334
1651.485168 66.240 173.1131
1663.452510 66.257 173.2535
1675.506573 66.260 173.3762
1687.647984 66.248 173.5070
1699.877377 66.221 173.6738
1712.195390 66.181 173.9037
1724.602663 66.131 174.2208
1737.099845 66.073 174.6433
1749.687587 66.014 175.1815
1762.366544 65.956 175.8353
1775.137379 65.905 176.5950
1788.000756 65.865 177.4410
1800.957346 65.838 178.3466
1814.007826 65.826 179.2797
1827.152874 65.829 -179.7933
1840.393177 65.845 -178.9040
1853.729425 65.872 -178.0779
1867.162312 65.906 -177.3318
1880.692540 65.942 -176.6714
1894.320813 65.977 -176.0919
1908.047843 66.007 -175.5794
1921.874344 66.031 -175.1151
1935.801038 66.047 -174.6783
1949.828650 66.055 -174.2494
1963.957912 66.056 -173.8116
1978.189561 66.051 -173.3522
1992.524338 66.042 -172.8637
2006.962991 66.032 -172.3452
2021.506272 66.023 -171.8015
2036.154940 66.017 -171.2425
2050.909758 66.013 -170.6817
2065.771495 66.013 -170.1332
2080.740927 66.017 -169.6096
2095.818833 66.022 -169.1188
2111.006001 66.026 -168.6622
2126.303220 66.029 -168.2340
2141.711290 66.028 -167.8217
2157.231013 66.024 -167.4086
2172.863198 66.016 -166.9769
2188.608660 66.007 -166.5116
2204.468221 65.999 -166.0036
2220.442706 65.995 -165.4524
2236.532950 65.998 -164.8665
2252.739789 66.009 -164.2615
2269.064070 66.030 -163.6549
2285.506644 66.061 -163.0628
2302.068367 66.101 -162.4979
2318.750104 66.149 -161.9697
2335.552723 66.205 -161.4863
2352.477101 66.267 -161.0542
2369.524119 66.333 -160.6774
2386.694668 66.401 -160.3549
2403.989641 66.470 -160.0803
2421.409941 66.538 -159.8425
2438.956476 66.605 -159.6276
2456.630160 66.671 -159.4201
2474.431915 66.737 -159.2049
2492.362668 66.805 -158.9694
2510.423356 66.878 -158.7065
2528.614918 66.958 -158.4171
2546.938304 67.049 -158.1116
2565.394469 67.152 -157.8081
2583.984375 67.267 -157.5299
2602.708991 67.394 -157.2999
2621.569293 67.530 -157.1375
2640.566265 67.672 -157.0549
2659.700897 67.817 -157.0559
2678.974186 67.961 -157.1364
2698.387137 68.103 -157.2863
2717.940763 68.241 -157.4923
2737.636082 68.374 -157.7405
2757.474121 68.502 -158.0194
2777.455915 68.625 -158.3196
2797.582506 68.743 -158.6341
2817.854942 68.858 -158.9580
2838.274281 68.969 -159.2894
2858.841586 69.076 -159.6288
2879.557931 69.180 -159.9778
2900.424394 69.278 -160.3373
2921.442065 69.371 -160.7063
2942.612039 69.457 -161.0818
2963.935418 69.536 -161.4587
2985.413316 69.607 -161.8303
3007.046852 69.669 -162.1890
3028.837153 69.724 -162.5288
3050.785356 69.771 -162.8458
3072.892604 69.811 -163.1383
3095.160050 69.844 -163.4067
3117.588856 69.871 -163.6542
3140.180190 69.892 -163.8868
3162.935230 69.906 -164.1118
3185.855163 69.912 -164.3350
3208.941182 69.906 -164.5577
3232.194493 69.887 -164.7749
3255.616307 69.852 -164.9735
3279.207844 69.799 -165.1312
3302.970336 69.726 -165.2180
3326.905021 69.635 -165.1998
3351.013146 69.528 -165.0446
3375.295969 69.410 -164.7286
3399.754755 69.287 -164.2414
3424.390779 69.165 -163.5884
3449.205326 69.051 -162.7902
3474.199690 68.948 -161.8771
3499.375173 68.859 -160.8819
3524.733088 68.785 -159.8335
3550.274757 68.727 -158.7518
3576.001511 68.683 -157.6442
3601.914692 68.653 -156.5062
3628.015651 68.639 -155.3282
3654.305748 68.642 -154.1046
3680.786354 68.667 -152.8396
3707.458849 68.717 -151.5479
3734.324624 68.796 -150.2503
3761.385080 68.903 -148.9691
3788.641627 69.041 -147.7240
3816.095686 69.208 -146.5306
3843.748688 69.404 -145.4029
3871.602076 69.629 -144.3584
3899.657300 69.879 -143.4214
3927.915825 70.153 -142.6224
3956.379122 70.444 -141.9904
3985.048676 70.747 -141.5429
4013.925981 71.055 -141.2778
4043.012544 71.363 -141.1717
4072.309879 71.668 -141.1857
4101.819515 71.973 -141.2767
4131.542990 72.282 -141.4127
4161.481854 72.600 -141.5847
4191.637667 72.931 -141.8121
4222.012001 73.275 -142.1384
4252.606441 73.630 -142.6188
4283.422580 73.989 -143.3062
4314.462026 74.343 -144.2392
4345.726396 74.683 -145.4343
4377.217321 74.999 -146.8867
4408.936442 75.284 -148.5743
4440.885413 75.533 -150.4636
4473.065899 75.743 -152.5137
4505.479579 75.911 -154.6789
4538.128141 76.038 -156.9133
4571.013288 76.127 -159.1756
4604.136735 76.180 -161.4326
4637.500207 76.201 -163.6597
4671.105446 76.193 -165.8382
4704.954201 76.160 -167.9537
4739.048239 76.104 -169.9954
4773.389336 76.029 -171.9557
4807.979283 75.935 -173.8308
4842.819883 75.827 -175.6192
4877.912952 75.706 -177.3219
4913.260320 75.573 -178.9392
4948.863830 75.428 179.5300
4984.725337 75.272 178.0899
5020.846712 75.106 176.7480
5057.229836 74.930 175.5150
5093.876609 74.745 174.4041
5130.788938 74.553 173.4305
5167.968750 74.355 172.6084
5205.417982 74.157 171.9484
5243.138586 73.962 171.4564
5281.132530 73.774 171.1327
5319.401793 73.598 170.9725
5357.948371 73.440 170.9663
5396.774274 73.302 171.0998
5435.881525 73.189 171.3537
5475.272163 73.105 171.7032
5514.948243 73.051 172.1188
5554.911831 73.029 172.5671
5595.165012 73.039 173.0125
5635.709884 73.079 173.4185
5676.548561 73.147 173.7498
5717.683172 73.237 173.9747
5759.115861 73.346 174.0668
5800.848789 73.467 174.0071
5842.884130 73.594 173.7850
5885.224077 73.721 173.3987
5927.870837 73.841 172.8553
5970.826633 73.951 172.1690
6014.093704 74.046 171.3593
6057.674306 74.124 170.4488
6101.570711 74.183 169.4599
6145.785208 74.222 168.4136
6190.320101 74.240 167.3284
6235.177712 74.237 166.2210
6280.360380 74.212 165.1080
6325.870460 74.166 164.0067
6371.710325 74.097 162.9362
6417.882365 74.007 161.9172
6464.388986 73.898 160.9699
6511.232613 73.771 160.1113
6558.415689 73.630 159.3530
6605.940673 73.479 158.7003
6653.810042 73.322 158.1519
6702.026292 73.163 157.7001
6750.591937 73.006 157.3308
6799.509509 72.856 157.0240
6848.781558 72.714 156.7563
6898.410653 72.583 156.5025
6948.399380 72.465 156.2371
6998.750346 72.362 155.9341
7049.466176 72.276 155.5659
7100.549514 72.208 155.1022
7152.003023 72.158 154.5090
7203.829385 72.127 153.7496
7256.031302 72.115 152.7852
7308.611496 72.119 151.5775
7361.572708 72.136 150.0905
7414.917698 72.162 148.2924
7468.649249 72.191 146.1555
7522.770160 72.218 143.6564
7577.283253 72.238 140.7748
7632.191371 72.246 137.4916
7687.497376 72.237 133.7864
7743.204151 72.210 129.6341
7799.314600 72.161 125.0002
7855.831649 72.090 119.8347
7912.758244 71.999 114.0634
7970.097352 71.889 107.5740
8027.851962 71.764 100.1968
8086.025087 71.627 91.6780
8144.619758 71.484 81.6429
8203.639030 71.337 69.5688
8263.085980 71.193 54.8396
8322.963708 71.056 37.0851
8383.275334 70.930 16.9512
8444.024002 70.823 -3.4488
8505.212881 70.738 -21.7473
8566.845160 70.682 -36.8981
8628.924051 70.662 -49.0950
8691.452792 70.684 -58.9519
8754.434642 70.753 -67.0492
8817.872884 70.873 -73.8280
8881.770826 71.048 -79.6089
8946.131799 71.276 -84.6287
9010.959157 71.554 -89.0693
9076.256282 71.877 -93.0770
9142.026576 72.238 -96.7726
9208.273470 72.627 -100.2578
9275.000415 73.037 -103.6203
9342.210891 73.458 -106.9344
9409.908403 73.882 -110.2632
9478.096478 74.301 -113.6587
9546.778672 74.706 -117.1624
9615.958566 75.089 -120.8046
9685.639765 75.442 -124.6046
9755.825904 75.757 -128.5706
9826.520640 76.028 -132.6987
9897.727659 76.247 -136.9746
9969.450674 76.410 -141.3734
10041.693423 76.510 -145.8607
10114.459673 76.545 -150.3942
10187.753217 76.514 -154.9266
10261.577877 76.414 -159.4069
10335.937500 76.248 -163.7846
10410.835964 76.019 -168.0119
10486.277173 75.731 -172.0469
10562.265060 75.390 -175.8561
10638.803587 75.003 -179.4163
10715.896743 74.578 177.2839
10793.548548 74.124 174.2435
10871.763050 73.649 171.4488
10950.544327 73.162 168.8746
11029.896485 72.671 166.4863
11109.823662 72.182 164.2430
11190.330024 71.700 162.1024
11271.419768 71.228 160.0244
11353.097122 70.767 157.9744
11435.366344 70.317 155.9249
11518.231722 69.878 153.8535
11601.697577 69.449 151.7401
11685.768261 69.029 149.5632
11770.448155 68.620 147.2974
11855.741674 68.220 144.9134
11941.653265 67.830 142.3801
12028.187408 67.445 139.6692
12115.348612 67.060 136.7612
12203.141422 66.666 133.6516
12291.570415 66.253 130.3563
12380.640201 65.807 126.9153
12470.355424 65.319 123.3943
12560.720760 64.778 119.8823
12651.740920 64.176 116.4872
12743.420650 63.511 113.3289
12835.764729 62.783 110.5320
12928.777972 61.996 108.2246
13022.465227 61.160 106.5538
13116.831378 60.291 105.7507
13211.881345 59.408 106.3122
13307.620084 58.538 109.5479
13404.052584 57.712 119.5647
13501.183875 56.969 149.9518
13599.019019 56.345 -160.5041
13697.563116 55.866 -137.9924
13796.821305 55.541 -131.2604
13896.798760 55.355 -129.9323
13997.500692 55.277 -130.8861
14098.932352 55.265 -132.9799
14201.099028 55.280 -135.6902
14304.006046 55.289 -138.7275
14407.658770 55.267 -141.9023
14512.062604 55.197 -145.0708
14617.222992 55.069 -148.1121
14723.145416 54.883 -150.9210
14829.835397 54.642 -153.4086
14937.298497 54.357 -155.5067
15045.540320 54.044 -157.1746
15154.566507 53.722 -158.4058
15264.382743 53.416 -159.2326
15374.994752 53.149 -159.7298
15486.408302 52.946 -160.0115
15598.629201 52.824 -160.2217
15711.663298 52.793 -160.5175
15825.516487 52.853 -161.0496
15940.194703 52.994 -161.9452
16055.703925 53.200 -163.2988
16172.050174 53.451 -165.1716
16289.239516 53.725 -167.5974
16407.278061 54.002 -170.5884
16526.171961 54.262 -174.1371
16645.927415 54.490 -178.2170
16766.550667 54.673 177.2148
16888.048005 54.802 172.2125
17010.425762 54.873 166.8345
17133.690320 54.882 161.1381
17257.848103 54.829 155.1771
17382.905584 54.718 149.0009
17508.869284 54.554 142.6511
17635.745768 54.348 136.1564
17763.541652 54.115 129.5255
17892.263597 53.871 122.7411
18021.918315 53.639 115.7585
18152.512564 53.440 108.5040
18284.053153 53.293 100.8755
18416.546939 53.213 92.7414
18550.000830 53.208 83.9387
18684.421783 53.280 74.2816
18819.816805 53.417 63.5954
18956.192956 53.604 51.8007
19093.557344 53.820 39.0577
19231.917131 54.042 25.9052
19371.279531 54.253 13.2458
19511.651807 54.436 2.0902
19653.041280 54.580 -6.7574
19795.455318 54.679 -12.8238
19938.901348 54.729 -15.8936
