* Measurement data measured by REW V5.31.3
* Source: EXCL: Headset (USB-C to 3.5mm Headphone Jack Adapter), MICROPHONE (Master Volume), 0, volume: 0.750
* Format: 256k Log Swept Sine, 1 sweep at -12.0 dBFS with no timing reference
* Dated: May 15, 2025 10:58:36 PM
* REW Settings:
*  C-weighting compensation: Off
*  Target level: 75.0 dB
* Note: ; 
* Measurement: HD560s (worn) R10
* Smoothing: 1/6 octave
* Frequency Step: 96 ppo
* Start Frequency: 20.0 Hz
*
* Freq(Hz) SPL(dB) Phase(degrees)
20.187378 76.837 -105.1460
20.333664 76.874 -105.3127
20.481010 76.923 -105.5329
20.629424 76.982 -105.7963
20.778913 77.050 -106.0918
20.929486 77.126 -106.4083
21.081150 77.207 -106.7358
21.233912 77.292 -107.0654
21.387782 77.379 -107.3905
21.542767 77.469 -107.7062
21.698874 77.560 -108.0095
21.856113 77.650 -108.2996
22.014492 77.739 -108.5770
22.174018 77.827 -108.8435
22.334700 77.911 -109.1017
22.496546 77.990 -109.3543
22.659566 78.065 -109.6044
22.823766 78.133 -109.8545
22.989157 78.195 -110.1066
23.155745 78.250 -110.3622
23.323542 78.298 -110.6222
23.492554 78.339 -110.8872
23.662790 78.374 -111.1575
23.834261 78.404 -111.4338
24.006973 78.430 -111.7167
24.180938 78.455 -112.0076
24.356163 78.478 -112.3079
24.532658 78.501 -112.6199
24.710431 78.527 -112.9455
24.889493 78.554 -113.2868
25.069853 78.584 -113.6453
25.251519 78.617 -114.0219
25.434502 78.652 -114.4165
25.618811 78.688 -114.8282
25.804456 78.724 -115.2549
25.991445 78.760 -115.6940
26.179790 78.794 -116.1423
26.369500 78.825 -116.5965
26.560584 78.852 -117.0531
26.753053 78.875 -117.5090
26.946917 78.893 -117.9615
27.142185 78.906 -118.4084
27.338869 78.915 -118.8479
27.536977 78.921 -119.2785
27.736522 78.924 -119.6993
27.937512 78.925 -120.1095
28.139959 78.926 -120.5086
28.343872 78.928 -120.8964
28.549264 78.932 -121.2731
28.756143 78.940 -121.6390
28.964522 78.951 -121.9949
29.174411 78.968 -122.3418
29.385821 78.990 -122.6808
29.598763 79.016 -123.0131
29.813248 79.048 -123.3398
30.029287 79.084 -123.6618
30.246891 79.123 -123.9794
30.466073 79.166 -124.2930
30.686842 79.211 -124.6028
30.909212 79.259 -124.9093
31.133193 79.309 -125.2133
31.358797 79.361 -125.5163
31.586035 79.417 -125.8202
31.814921 79.475 -126.1276
32.045465 79.537 -126.4409
32.277680 79.603 -126.7623
32.511577 79.673 -127.0930
32.747169 79.746 -127.4330
32.984469 79.822 -127.7809
33.223488 79.902 -128.1339
33.464239 79.984 -128.4881
33.706735 80.067 -128.8391
33.950987 80.152 -129.1826
34.197010 80.237 -129.5150
34.444816 80.322 -129.8341
34.694417 80.406 -130.1390
34.945827 80.488 -130.4305
35.199059 80.567 -130.7112
35.454126 80.643 -130.9847
35.711041 80.715 -131.2557
35.969818 80.782 -131.5292
36.230470 80.845 -131.8098
36.493011 80.903 -132.1013
36.757455 80.957 -132.4060
37.023814 81.008 -132.7241
37.292104 81.056 -133.0544
37.562338 81.102 -133.3936
37.834530 81.149 -133.7378
38.108695 81.198 -134.0824
38.384846 81.248 -134.4234
38.662999 81.302 -134.7574
38.943167 81.359 -135.0823
39.225365 81.418 -135.3970
39.509608 81.479 -135.7014
39.795911 81.539 -135.9953
40.084289 81.598 -136.2791
40.374756 81.655 -136.5530
40.667328 81.707 -136.8171
40.962020 81.756 -137.0718
41.258848 81.800 -137.3177
41.557827 81.840 -137.5555
41.858972 81.877 -137.7865
42.162299 81.911 -138.0121
42.467824 81.942 -138.2339
42.775564 81.971 -138.4534
43.085533 81.999 -138.6723
43.397749 82.024 -138.8923
43.712227 82.048 -139.1150
44.028983 82.071 -139.3423
44.348036 82.094 -139.5760
44.669400 82.116 -139.8170
44.993093 82.138 -140.0656
45.319131 82.161 -140.3202
45.647532 82.186 -140.5776
45.978313 82.213 -140.8332
46.311491 82.243 -141.0823
46.647083 82.275 -141.3209
46.985107 82.310 -141.5478
47.325581 82.348 -141.7645
47.668521 82.387 -141.9754
48.013947 82.427 -142.1861
48.361876 82.465 -142.4021
48.712326 82.502 -142.6267
49.065315 82.535 -142.8607
49.420863 82.564 -143.1021
49.778987 82.589 -143.3475
50.139706 82.610 -143.5930
50.503039 82.628 -143.8351
50.869005 82.642 -144.0717
51.237623 82.653 -144.3018
51.608912 82.662 -144.5258
51.982891 82.669 -144.7450
52.359580 82.674 -144.9620
52.739000 82.679 -145.1798
53.121168 82.683 -145.4015
53.506106 82.687 -145.6291
53.893833 82.691 -145.8633
54.284370 82.696 -146.1027
54.677737 82.701 -146.3438
55.073955 82.706 -146.5812
55.473043 82.712 -146.8084
55.875024 82.718 -147.0182
56.279917 82.725 -147.2042
56.687745 82.731 -147.3620
57.098527 82.738 -147.4905
57.512287 82.744 -147.5930
57.929045 82.751 -147.6779
58.348822 82.759 -147.7590
58.771642 82.770 -147.8548
59.197525 82.784 -147.9864
59.626495 82.803 -148.1738
60.058573 82.828 -148.4309
60.493782 82.859 -148.7617
60.932145 82.895 -149.1584
61.373685 82.936 -149.6032
61.818424 82.979 -150.0732
62.266386 83.025 -150.5462
62.717593 83.072 -151.0046
63.172071 83.119 -151.4376
63.629842 83.166 -151.8410
64.090930 83.213 -152.2153
64.555359 83.258 -152.5645
65.023154 83.302 -152.8940
65.494339 83.345 -153.2096
65.968938 83.385 -153.5164
66.446976 83.424 -153.8185
66.928478 83.461 -154.1185
67.413469 83.495 -154.4179
67.901975 83.527 -154.7173
68.394021 83.558 -155.0165
68.889632 83.586 -155.3150
69.388835 83.613 -155.6118
69.891655 83.638 -155.9058
70.398118 83.662 -156.1959
70.908252 83.686 -156.4817
71.422083 83.708 -156.7635
71.939636 83.729 -157.0422
72.460941 83.747 -157.3189
72.986023 83.764 -157.5950
73.514909 83.778 -157.8715
74.047629 83.788 -158.1486
74.584208 83.795 -158.4258
75.124676 83.799 -158.7016
75.669061 83.800 -158.9742
76.217390 83.798 -159.2418
76.769692 83.794 -159.5031
77.325997 83.789 -159.7576
77.886333 83.783 -160.0054
78.450730 83.776 -160.2470
79.019216 83.768 -160.4832
79.591822 83.760 -160.7147
80.168577 83.752 -160.9422
80.749512 83.743 -161.1668
81.334656 83.734 -161.3894
81.924040 83.725 -161.6110
82.517696 83.716 -161.8326
83.115653 83.706 -162.0546
83.717943 83.696 -162.2775
84.324598 83.686 -162.5014
84.935649 83.675 -162.7268
85.551128 83.664 -162.9537
86.171066 83.652 -163.1820
86.795497 83.640 -163.4116
87.424453 83.628 -163.6418
88.057967 83.615 -163.8715
88.696071 83.602 -164.0998
89.338800 83.589 -164.3258
89.986185 83.575 -164.5491
90.638262 83.561 -164.7699
91.295065 83.546 -164.9883
91.956626 83.531 -165.2050
92.622982 83.515 -165.4203
93.294166 83.498 -165.6345
93.970214 83.481 -165.8476
94.651161 83.463 -166.0592
95.337042 83.446 -166.2688
96.027894 83.428 -166.4754
96.723752 83.410 -166.6778
97.424652 83.393 -166.8753
98.130631 83.376 -167.0673
98.841726 83.360 -167.2539
99.557974 83.344 -167.4354
100.279412 83.328 -167.6124
101.006078 83.313 -167.7849
101.738010 83.299 -167.9526
102.475245 83.285 -168.1152
103.217823 83.271 -168.2724
103.965782 83.259 -168.4243
104.719161 83.247 -168.5717
105.477999 83.237 -168.7155
106.242336 83.227 -168.8567
107.012212 83.219 -168.9958
107.787666 83.212 -169.1333
108.568740 83.207 -169.2693
109.355474 83.203 -169.4037
110.147909 83.200 -169.5361
110.946086 83.198 -169.6660
111.750047 83.197 -169.7933
112.559834 83.198 -169.9177
113.375489 83.199 -170.0394
114.197055 83.202 -170.1581
115.024574 83.205 -170.2737
115.858089 83.209 -170.3862
116.697645 83.213 -170.4956
117.543284 83.217 -170.6027
118.395051 83.220 -170.7090
119.252990 83.221 -170.8163
120.117147 83.222 -170.9266
120.987565 83.221 -171.0409
121.864291 83.218 -171.1590
122.747370 83.214 -171.2797
123.636848 83.208 -171.4013
124.532771 83.202 -171.5219
125.435187 83.195 -171.6398
126.344142 83.188 -171.7537
127.259684 83.180 -171.8626
128.181860 83.172 -171.9661
129.110718 83.163 -172.0643
130.046308 83.154 -172.1578
130.988677 83.145 -172.2478
131.937875 83.134 -172.3359
132.893951 83.123 -172.4234
133.856956 83.111 -172.5108
134.826938 83.098 -172.5981
135.803950 83.084 -172.6844
136.788041 83.069 -172.7689
137.779264 83.054 -172.8507
138.777669 83.037 -172.9292
139.783309 83.020 -173.0040
140.796237 83.003 -173.0747
141.816504 82.984 -173.1410
142.844165 82.966 -173.2030
143.879273 82.947 -173.2607
144.921881 82.927 -173.3147
145.972045 82.907 -173.3658
147.029819 82.887 -173.4149
148.095257 82.866 -173.4632
149.168417 82.845 -173.5114
150.249353 82.823 -173.5603
151.338121 82.802 -173.6101
152.434780 82.780 -173.6605
153.539385 82.758 -173.7113
154.651995 82.737 -173.7621
155.772667 82.716 -173.8123
156.901460 82.695 -173.8613
158.038432 82.674 -173.9082
159.183644 82.654 -173.9523
160.337154 82.633 -173.9930
161.499023 82.612 -174.0298
162.669312 82.591 -174.0632
163.848081 82.569 -174.0942
165.035392 82.547 -174.1243
166.231306 82.526 -174.1548
167.435887 82.504 -174.1866
168.649196 82.482 -174.2205
169.871298 82.460 -174.2566
171.102255 82.438 -174.2948
172.342133 82.417 -174.3345
173.590995 82.395 -174.3749
174.848907 82.373 -174.4148
176.115934 82.352 -174.4527
177.392143 82.330 -174.4870
178.677599 82.308 -174.5158
179.972371 82.285 -174.5379
181.276525 82.261 -174.5527
182.590129 82.237 -174.5604
183.913252 82.212 -174.5617
185.245964 82.187 -174.5576
186.588332 82.161 -174.5491
187.940428 82.135 -174.5368
189.302322 82.108 -174.5205
190.674085 82.081 -174.4997
192.055788 82.053 -174.4734
193.447503 82.026 -174.4408
194.849303 81.998 -174.4009
196.261262 81.970 -174.3532
197.683452 81.943 -174.2972
199.115948 81.916 -174.2324
200.558824 81.889 -174.1591
202.012156 81.863 -174.0778
203.476019 81.838 -173.9900
204.950490 81.814 -173.8976
206.435646 81.792 -173.8026
207.931564 81.771 -173.7065
209.438322 81.751 -173.6104
210.955998 81.734 -173.5149
212.484672 81.718 -173.4207
214.024424 81.705 -173.3284
215.575333 81.692 -173.2384
217.137481 81.682 -173.1511
218.710948 81.672 -173.0660
220.295818 81.663 -172.9825
221.892172 81.656 -172.9003
223.500094 81.648 -172.8191
225.119668 81.642 -172.7391
226.750978 81.636 -172.6607
228.394109 81.631 -172.5844
230.049147 81.626 -172.5098
231.716178 81.623 -172.4362
233.395289 81.620 -172.3624
235.086567 81.618 -172.2873
236.790102 81.617 -172.2103
238.505980 81.618 -172.1316
240.234293 81.619 -172.0522
241.975130 81.622 -171.9735
243.728581 81.626 -171.8968
245.494739 81.631 -171.8229
247.273695 81.637 -171.7522
249.065542 81.643 -171.6843
250.870374 81.650 -171.6185
252.688284 81.658 -171.5540
254.519367 81.667 -171.4901
256.363720 81.676 -171.4258
258.221437 81.685 -171.3602
260.092616 81.695 -171.2928
261.977354 81.706 -171.2231
263.875750 81.716 -171.1506
265.787903 81.727 -171.0749
267.713911 81.737 -170.9955
269.653877 81.747 -170.9123
271.607900 81.757 -170.8254
273.576083 81.766 -170.7357
275.558528 81.776 -170.6443
277.555338 81.784 -170.5525
279.566619 81.793 -170.4614
281.592474 81.802 -170.3720
283.633009 81.811 -170.2852
285.688331 81.820 -170.2015
287.758546 81.829 -170.1209
289.843763 81.839 -170.0432
291.944090 81.850 -169.9678
294.059638 81.861 -169.8940
296.190515 81.873 -169.8212
298.336833 81.884 -169.7489
300.498705 81.897 -169.6768
302.676243 81.909 -169.6047
304.869559 81.921 -169.5325
307.078770 81.934 -169.4600
309.303989 81.947 -169.3868
311.545334 81.960 -169.3122
313.802919 81.974 -169.2358
316.076865 81.987 -169.1570
318.367288 82.001 -169.0753
320.674309 82.016 -168.9904
322.998047 82.031 -168.9022
325.338624 82.047 -168.8106
327.696162 82.063 -168.7161
330.070783 82.079 -168.6194
332.462612 82.096 -168.5214
334.871773 82.113 -168.4229
337.298392 82.129 -168.3247
339.742595 82.144 -168.2272
342.204510 82.159 -168.1310
344.684265 82.172 -168.0362
347.181989 82.183 -167.9434
349.697813 82.193 -167.8530
352.231868 82.202 -167.7650
354.784285 82.209 -167.6793
357.355198 82.215 -167.5957
359.944741 82.219 -167.5133
362.553049 82.223 -167.4318
365.180258 82.227 -167.3504
367.826505 82.229 -167.2691
370.491927 82.230 -167.1878
373.176665 82.231 -167.1067
375.880856 82.231 -167.0260
378.604644 82.231 -166.9456
381.348169 82.230 -166.8651
384.111575 82.229 -166.7839
386.895006 82.227 -166.7011
389.698607 82.226 -166.6157
392.522524 82.224 -166.5270
395.366904 82.222 -166.4347
398.231895 82.221 -166.3387
401.117648 82.219 -166.2391
404.024312 82.217 -166.1364
406.952038 82.216 -166.0314
409.900981 82.213 -165.9251
412.871292 82.210 -165.8186
415.863128 82.207 -165.7131
418.876643 82.202 -165.6095
421.911996 82.196 -165.5082
424.969344 82.190 -165.4094
428.048847 82.182 -165.3128
431.150666 82.172 -165.2178
434.274961 82.161 -165.1235
437.421897 82.149 -165.0292
440.591636 82.136 -164.9344
443.784345 82.121 -164.8391
447.000189 82.105 -164.7437
450.239337 82.087 -164.6490
453.501956 82.069 -164.5558
456.788219 82.050 -164.4647
460.098294 82.031 -164.3756
463.432356 82.011 -164.2883
466.790578 81.990 -164.2025
470.173135 81.970 -164.1178
473.580203 81.950 -164.0339
477.011961 81.930 -163.9509
480.468586 81.911 -163.8689
483.950259 81.893 -163.7885
487.457163 81.875 -163.7099
490.989478 81.859 -163.6339
494.547390 81.844 -163.5607
498.131084 81.829 -163.4906
501.740748 81.816 -163.4236
505.376568 81.804 -163.3594
509.038735 81.792 -163.2976
512.727439 81.782 -163.2381
516.442874 81.772 -163.1804
520.185232 81.764 -163.1240
523.954708 81.757 -163.0684
527.751500 81.750 -163.0124
531.575805 81.745 -162.9551
535.427822 81.742 -162.8951
539.307753 81.740 -162.8311
543.215800 81.739 -162.7617
547.152165 81.740 -162.6857
551.117055 81.742 -162.6021
555.110677 81.746 -162.5105
559.133237 81.752 -162.4108
563.184947 81.760 -162.3036
567.266018 81.770 -162.1899
571.376661 81.781 -162.0712
575.517092 81.794 -161.9491
579.687526 81.809 -161.8254
583.888181 81.825 -161.7021
588.119275 81.842 -161.5809
592.381030 81.860 -161.4635
596.673667 81.879 -161.3513
600.997410 81.897 -161.2451
605.352485 81.915 -161.1458
609.739119 81.932 -161.0537
614.157540 81.948 -160.9691
618.607979 81.962 -160.8918
623.090667 81.973 -160.8214
627.605839 81.982 -160.7571
632.153730 81.988 -160.6976
636.734576 81.991 -160.6411
641.348617 81.990 -160.5851
645.996094 81.985 -160.5265
650.677248 81.976 -160.4618
655.392323 81.964 -160.3867
660.141566 81.947 -160.2970
664.925224 81.928 -160.1886
669.743546 81.906 -160.0575
674.596784 81.882 -159.9011
679.485191 81.856 -159.7176
684.409020 81.830 -159.5064
689.368530 81.805 -159.2684
694.363979 81.780 -159.0058
699.395626 81.758 -158.7219
704.463736 81.738 -158.4212
709.568570 81.721 -158.1089
714.710396 81.706 -157.7904
719.889483 81.694 -157.4709
725.106099 81.684 -157.1549
730.360516 81.675 -156.8461
735.653010 81.667 -156.5467
740.983855 81.660 -156.2578
746.353329 81.652 -155.9790
751.761713 81.643 -155.7089
757.209288 81.634 -155.4454
762.696339 81.623 -155.1865
768.223151 81.612 -154.9305
773.790013 81.601 -154.6764
779.397214 81.589 -154.4239
785.045047 81.577 -154.1730
790.733808 81.565 -153.9241
796.463791 81.554 -153.6779
802.235296 81.543 -153.4346
808.048623 81.533 -153.1945
813.904077 81.524 -152.9577
819.801961 81.515 -152.7242
825.742584 81.508 -152.4940
831.726255 81.502 -152.2675
837.753287 81.497 -152.0446
843.823992 81.493 -151.8253
849.938689 81.491 -151.6094
856.097695 81.490 -151.3963
862.301332 81.490 -151.1855
868.549922 81.492 -150.9767
874.843793 81.496 -150.7700
881.183272 81.501 -150.5655
887.568689 81.508 -150.3639
894.000378 81.517 -150.1659
900.478673 81.528 -149.9721
907.003913 81.540 -149.7835
913.576437 81.555 -149.6007
920.196588 81.571 -149.4243
926.864712 81.590 -149.2544
933.581156 81.611 -149.0913
940.346270 81.634 -148.9350
947.160407 81.659 -148.7855
954.023921 81.686 -148.6428
960.937172 81.715 -148.5066
967.900519 81.747 -148.3767
974.914325 81.781 -148.2529
981.978956 81.817 -148.1348
989.094780 81.855 -148.0222
996.262169 81.896 -147.9146
1003.481495 81.938 -147.8118
1010.753136 81.983 -147.7136
1018.077470 82.029 -147.6198
1025.454879 82.078 -147.5302
1032.885748 82.128 -147.4449
1040.370463 82.179 -147.3638
1047.909417 82.232 -147.2870
1055.503000 82.287 -147.2141
1063.151610 82.342 -147.1450
1070.855645 82.399 -147.0793
1078.615506 82.456 -147.0164
1086.431599 82.514 -146.9560
1094.304330 82.571 -146.8980
1102.234110 82.630 -146.8423
1110.221353 82.688 -146.7891
1118.266475 82.745 -146.7383
1126.369895 82.803 -146.6894
1134.532035 82.860 -146.6417
1142.753322 82.916 -146.5947
1151.034184 82.972 -146.5475
1159.375052 83.028 -146.4995
1167.776361 83.083 -146.4504
1176.238550 83.137 -146.3997
1184.762060 83.191 -146.3475
1193.347334 83.244 -146.2939
1201.994821 83.298 -146.2393
1210.704971 83.351 -146.1847
1219.478238 83.405 -146.1315
1228.315080 83.458 -146.0813
1237.215957 83.513 -146.0361
1246.181334 83.567 -145.9975
1255.211678 83.622 -145.9670
1264.307459 83.677 -145.9454
1273.469152 83.732 -145.9326
1282.697235 83.787 -145.9283
1291.992188 83.840 -145.9315
1301.354495 83.893 -145.9410
1310.784647 83.944 -145.9550
1320.283132 83.994 -145.9713
1329.850448 84.042 -145.9878
1339.487093 84.088 -146.0017
1349.193569 84.132 -146.0109
1358.970381 84.176 -146.0130
1368.818041 84.219 -146.0066
1378.737061 84.262 -145.9904
1388.727958 84.305 -145.9641
1398.791253 84.350 -145.9281
1408.927471 84.395 -145.8836
1419.137140 84.442 -145.8322
1429.420793 84.491 -145.7763
1439.778965 84.542 -145.7184
1450.212197 84.595 -145.6609
1460.721033 84.650 -145.6057
1471.306019 84.705 -145.5539
1481.967709 84.761 -145.5058
1492.706658 84.817 -145.4608
1503.523426 84.873 -145.4175
1514.418576 84.927 -145.3739
1525.392678 84.980 -145.3277
1536.446302 85.030 -145.2764
1547.580025 85.078 -145.2176
1558.794428 85.124 -145.1489
1570.090095 85.166 -145.0676
1581.467615 85.204 -144.9710
1592.927581 85.239 -144.8564
1604.470591 85.271 -144.7215
1616.097246 85.300 -144.5655
1627.808153 85.326 -144.3884
1639.603922 85.350 -144.1916
1651.485168 85.372 -143.9772
1663.452510 85.393 -143.7482
1675.506573 85.412 -143.5073
1687.647984 85.430 -143.2570
1699.877377 85.447 -142.9987
1712.195390 85.463 -142.7327
1724.602663 85.477 -142.4584
1737.099845 85.491 -142.1746
1749.687587 85.504 -141.8800
1762.366544 85.517 -141.5736
1775.137379 85.530 -141.2552
1788.000756 85.544 -140.9251
1800.957346 85.559 -140.5845
1814.007826 85.576 -140.2356
1827.152874 85.594 -139.8810
1840.393177 85.615 -139.5235
1853.729425 85.637 -139.1663
1867.162312 85.661 -138.8126
1880.692540 85.688 -138.4661
1894.320813 85.716 -138.1308
1908.047843 85.746 -137.8102
1921.874344 85.776 -137.5072
1935.801038 85.808 -137.2234
1949.828650 85.839 -136.9601
1963.957912 85.870 -136.7181
1978.189561 85.901 -136.4983
1992.524338 85.931 -136.3022
2006.962991 85.961 -136.1315
2021.506272 85.990 -135.9880
2036.154940 86.018 -135.8732
2050.909758 86.045 -135.7882
2065.771495 86.071 -135.7331
2080.740927 86.095 -135.7074
2095.818833 86.118 -135.7099
2111.006001 86.139 -135.7391
2126.303220 86.158 -135.7936
2141.711290 86.176 -135.8723
2157.231013 86.194 -135.9752
2172.863198 86.211 -136.1033
2188.608660 86.228 -136.2582
2204.468221 86.245 -136.4424
2220.442706 86.262 -136.6585
2236.532950 86.277 -136.9083
2252.739789 86.291 -137.1923
2269.064070 86.302 -137.5092
2285.506644 86.309 -137.8558
2302.068367 86.313 -138.2273
2318.750104 86.312 -138.6184
2335.552723 86.307 -139.0237
2352.477101 86.298 -139.4378
2369.524119 86.284 -139.8563
2386.694668 86.267 -140.2755
2403.989641 86.247 -140.6925
2421.409941 86.225 -141.1055
2438.956476 86.200 -141.5133
2456.630160 86.173 -141.9152
2474.431915 86.144 -142.3103
2492.362668 86.114 -142.6974
2510.423356 86.083 -143.0749
2528.614918 86.051 -143.4414
2546.938304 86.018 -143.7955
2565.394469 85.986 -144.1365
2583.984375 85.954 -144.4645
2602.708991 85.922 -144.7803
2621.569293 85.891 -145.0848
2640.566265 85.860 -145.3793
2659.700897 85.829 -145.6641
2678.974186 85.797 -145.9390
2698.387137 85.765 -146.2024
2717.940763 85.731 -146.4514
2737.636082 85.695 -146.6817
2757.474121 85.657 -146.8877
2777.455915 85.616 -147.0637
2797.582506 85.573 -147.2036
2817.854942 85.528 -147.3025
2838.274281 85.481 -147.3560
2858.841586 85.434 -147.3609
2879.557931 85.385 -147.3146
2900.424394 85.337 -147.2156
2921.442065 85.288 -147.0628
2942.612039 85.240 -146.8556
2963.935418 85.193 -146.5936
2985.413316 85.147 -146.2764
3007.046852 85.103 -145.9037
3028.837153 85.059 -145.4761
3050.785356 85.018 -144.9949
3072.892604 84.979 -144.4633
3095.160050 84.944 -143.8858
3117.588856 84.911 -143.2690
3140.180190 84.880 -142.6204
3162.935230 84.853 -141.9478
3185.855163 84.828 -141.2582
3208.941182 84.804 -140.5574
3232.194493 84.782 -139.8495
3255.616307 84.759 -139.1372
3279.207844 84.737 -138.4220
3302.970336 84.714 -137.7054
3326.905021 84.691 -136.9886
3351.013146 84.667 -136.2728
3375.295969 84.642 -135.5581
3399.754755 84.616 -134.8429
3424.390779 84.589 -134.1240
3449.205326 84.562 -133.3961
3474.199690 84.535 -132.6535
3499.375173 84.509 -131.8909
3524.733088 84.486 -131.1038
3550.274757 84.467 -130.2895
3576.001511 84.456 -129.4472
3601.914692 84.453 -128.5779
3628.015651 84.463 -127.6854
3654.305748 84.486 -126.7758
3680.786354 84.525 -125.8586
3707.458849 84.583 -124.9460
3734.324624 84.661 -124.0532
3761.385080 84.760 -123.1980
3788.641627 84.881 -122.3999
3816.095686 85.023 -121.6790
3843.748688 85.185 -121.0549
3871.602076 85.365 -120.5448
3899.657300 85.560 -120.1626
3927.915825 85.767 -119.9177
3956.379122 85.982 -119.8152
3985.048676 86.203 -119.8560
4013.925981 86.425 -120.0380
4043.012544 86.647 -120.3564
4072.309879 86.864 -120.8052
4101.819515 87.074 -121.3770
4131.542990 87.274 -122.0633
4161.481854 87.462 -122.8539
4191.637667 87.635 -123.7363
4222.012001 87.791 -124.6954
4252.606441 87.928 -125.7143
4283.422580 88.046 -126.7745
4314.462026 88.143 -127.8567
4345.726396 88.220 -128.9418
4377.217321 88.277 -130.0115
4408.936442 88.315 -131.0489
4440.885413 88.336 -132.0395
4473.065899 88.342 -132.9714
4505.479579 88.335 -133.8359
4538.128141 88.318 -134.6279
4571.013288 88.293 -135.3453
4604.136735 88.262 -135.9898
4637.500207 88.229 -136.5660
4671.105446 88.195 -137.0810
4704.954201 88.163 -137.5443
4739.048239 88.134 -137.9666
4773.389336 88.109 -138.3595
4807.979283 88.090 -138.7352
4842.819883 88.077 -139.1055
4877.912952 88.070 -139.4810
4913.260320 88.070 -139.8714
4948.863830 88.076 -140.2841
4984.725337 88.087 -140.7245
5020.846712 88.102 -141.1959
5057.229836 88.122 -141.6992
5093.876609 88.145 -142.2341
5130.788938 88.172 -142.7989
5167.968750 88.201 -143.3914
5205.417982 88.234 -144.0099
5243.138586 88.271 -144.6538
5281.132530 88.312 -145.3243
5319.401793 88.358 -146.0250
5357.948371 88.408 -146.7620
5396.774274 88.463 -147.5433
5435.881525 88.521 -148.3781
5475.272163 88.582 -149.2758
5514.948243 88.642 -150.2442
5554.911831 88.699 -151.2883
5595.165012 88.749 -152.4099
5635.709884 88.791 -153.6060
5676.548561 88.819 -154.8695
5717.683172 88.831 -156.1883
5759.115861 88.824 -157.5464
5800.848789 88.797 -158.9245
5842.884130 88.746 -160.2999
5885.224077 88.671 -161.6480
5927.870837 88.571 -162.9423
5970.826633 88.447 -164.1552
6014.093704 88.298 -165.2582
6057.674306 88.128 -166.2218
6101.570711 87.937 -167.0163
6145.785208 87.729 -167.6115
6190.320101 87.508 -167.9789
6235.177712 87.279 -168.0927
6280.360380 87.049 -167.9331
6325.870460 86.825 -167.4884
6371.710325 86.615 -166.7592
6417.882365 86.430 -165.7615
6464.388986 86.277 -164.5293
6511.232613 86.164 -163.1165
6558.415689 86.098 -161.5948
6605.940673 86.082 -160.0493
6653.810042 86.116 -158.5688
6702.026292 86.195 -157.2365
6750.591937 86.313 -156.1198
6799.509509 86.462 -155.2648
6848.781558 86.633 -154.6953
6898.410653 86.817 -154.4151
6948.399380 87.007 -154.4132
6998.750346 87.199 -154.6700
7049.466176 87.387 -155.1617
7100.549514 87.569 -155.8650
7152.003023 87.745 -156.7593
7203.829385 87.913 -157.8283
7256.031302 88.074 -159.0611
7308.611496 88.228 -160.4519
7361.572708 88.375 -161.9995
7414.917698 88.514 -163.7065
7468.649249 88.645 -165.5782
7522.770160 88.764 -167.6207
7577.283253 88.870 -169.8395
7632.191371 88.958 -172.2375
7687.497376 89.024 -174.8131
7743.204151 89.062 -177.5590
7799.314600 89.068 179.5394
7855.831649 89.035 176.5036
7912.758244 88.959 173.3628
7970.097352 88.835 170.1524
8027.851962 88.661 166.9128
8086.025087 88.436 163.6879
8144.619758 88.157 160.5230
8203.639030 87.825 157.4642
8263.085980 87.443 154.5583
8322.963708 87.010 151.8546
8383.275334 86.531 149.4075
8444.024002 86.007 147.2812
8505.212881 85.442 145.5557
8566.845160 84.841 144.3326
8628.924051 84.211 143.7418
8691.452792 83.565 143.9437
8754.434642 82.919 145.1234
8817.872884 82.299 147.4637
8881.770826 81.738 151.0828
8946.131799 81.277 155.9274
9010.959157 80.958 161.6620
9076.256282 80.810 167.6620
9142.026576 80.843 173.1925
9208.273470 81.043 177.6726
9275.000415 81.377 -179.1807
9342.210891 81.801 -177.3903
9409.908403 82.276 -176.8329
9478.096478 82.769 -177.3347
9546.778672 83.253 -178.7233
9615.958566 83.711 179.1527
9685.639765 84.131 176.4204
9755.825904 84.502 173.1856
9826.520640 84.821 169.5372
9897.727659 85.085 165.5509
9969.450674 85.291 161.2920
10041.693423 85.439 156.8173
10114.459673 85.531 152.1766
10187.753217 85.567 147.4130
10261.577877 85.550 142.5634
10335.937500 85.482 137.6599
10410.835964 85.365 132.7297
10486.277173 85.201 127.7962
10562.265060 84.993 122.8803
10638.803587 84.743 118.0007
10715.896743 84.453 113.1746
10793.548548 84.125 108.4176
10871.763050 83.761 103.7440
10950.544327 83.364 99.1659
11029.896485 82.937 94.6925
11109.823662 82.483 90.3305
11190.330024 82.005 86.0823
11271.419768 81.508 81.9471
11353.097122 80.996 77.9197
11435.366344 80.474 73.9915
11518.231722 79.945 70.1505
11601.697577 79.414 66.3812
11685.768261 78.887 62.6647
11770.448155 78.368 58.9786
11855.741674 77.863 55.2965
11941.653265 77.377 51.5881
12028.187408 76.915 47.8197
12115.348612 76.482 43.9547
12203.141422 76.082 39.9555
12291.570415 75.715 35.7851
12380.640201 75.382 31.4090
12470.355424 75.082 26.7968
12560.720760 74.812 21.9230
12651.740920 74.566 16.7683
12743.420650 74.340 11.3193
12835.764729 74.129 5.5675
12928.777972 73.930 -0.4916
13022.465227 73.741 -6.8606
13116.831378 73.560 -13.5426
13211.881345 73.390 -20.5428
13307.620084 73.232 -27.8694
13404.052584 73.090 -35.5335
13501.183875 72.966 -43.5477
13599.019019 72.863 -51.9236
13697.563116 72.781 -60.6693
13796.821305 72.722 -69.7866
13896.798760 72.684 -79.2690
13997.500692 72.667 -89.1004
14098.932352 72.669 -99.2548
14201.099028 72.691 -109.6972
14304.006046 72.733 -120.3868
14407.658770 72.795 -131.2791
14512.062604 72.881 -142.3299
14617.222992 72.991 -153.5001
14723.145416 73.128 -164.7573
14829.835397 73.293 -176.0782
14937.298497 73.486 172.5496
15045.540320 73.704 161.1292
15154.566507 73.946 149.6536
15264.382743 74.203 138.1084
15374.994752 74.470 126.4732
15486.408302 74.735 114.7245
15598.629201 74.986 102.8387
15711.663298 75.212 90.7965
15825.516487 75.400 78.5861
15940.194703 75.537 66.2070
16055.703925 75.611 53.6709
16172.050174 75.615 41.0037
16289.239516 75.539 28.2429
16407.278061 75.378 15.4354
16526.171961 75.131 2.6339
16645.927415 74.796 -10.1075
16766.550667 74.377 -22.7414
16888.048005 73.880 -35.2319
17010.425762 73.315 -47.5625
17133.690320 72.699 -59.7412
17257.848103 72.054 -71.8041
17382.905584 71.411 -83.8157
17508.869284 70.808 -95.8698
17635.745768 70.293 -108.0859
17763.541652 69.913 -120.6015
17892.263597 69.706 -133.5599
18021.918315 69.686 -147.0879
18152.512564 69.839 -161.2650
18284.053153 70.130 -176.0803
18416.546939 70.512 168.6187
18550.000830 70.939 153.1702
18684.421783 71.376 138.1333
18819.816805 71.794 124.3140
18956.192956 72.176 112.8475
19093.557344 72.511 105.4650
19231.917131 72.793 104.9812
19371.279531 73.020 114.6027
19511.651807 73.195 131.1641
19653.041280 73.320 143.8164
19795.455318 73.401 149.7001
19938.901348 73.440 151.6946
