* Measurement data measured by REW V5.31.3
* Source: EXCL: Headset (USB-C to 3.5mm Headphone Jack Adapter), MICROPHONE (Master Volume), 0, volume: 0.750
* Format: 256k Log Swept Sine, 1 sweep at -12.0 dBFS with no timing reference
* Dated: May 15, 2025 10:57:58 PM
* REW Settings:
*  C-weighting compensation: Off
*  Target level: 75.0 dB
* Note: ; 
* Measurement: HD560s (worn) R8
* Smoothing: 1/6 octave
* Frequency Step: 96 ppo
* Start Frequency: 20.0 Hz
*
* Freq(Hz) SPL(dB) Phase(degrees)
20.187378 76.648 -106.8220
20.333664 76.671 -106.9411
20.481010 76.702 -107.1008
20.629424 76.741 -107.2965
20.778913 76.789 -107.5241
20.929486 76.844 -107.7796
21.081150 76.907 -108.0600
21.233912 76.977 -108.3629
21.387782 77.053 -108.6865
21.542767 77.135 -109.0291
21.698874 77.221 -109.3885
21.856113 77.310 -109.7620
22.014492 77.401 -110.1461
22.174018 77.493 -110.5368
22.334700 77.584 -110.9291
22.496546 77.673 -111.3181
22.659566 77.760 -111.6992
22.823766 77.845 -112.0683
22.989157 77.926 -112.4228
23.155745 78.003 -112.7612
23.323542 78.076 -113.0838
23.492554 78.145 -113.3920
23.662790 78.210 -113.6887
23.834261 78.269 -113.9771
24.006973 78.323 -114.2606
24.180938 78.372 -114.5421
24.356163 78.414 -114.8238
24.532658 78.451 -115.1068
24.710431 78.481 -115.3912
24.889493 78.506 -115.6765
25.069853 78.525 -115.9616
25.251519 78.539 -116.2458
25.434502 78.550 -116.5291
25.618811 78.559 -116.8122
25.804456 78.566 -117.0971
25.991445 78.573 -117.3868
26.179790 78.580 -117.6851
26.369500 78.589 -117.9957
26.560584 78.600 -118.3220
26.753053 78.613 -118.6666
26.946917 78.628 -119.0305
27.142185 78.644 -119.4132
27.338869 78.662 -119.8128
27.536977 78.682 -120.2265
27.736522 78.703 -120.6507
27.937512 78.726 -121.0818
28.139959 78.751 -121.5165
28.343872 78.778 -121.9524
28.549264 78.807 -122.3876
28.756143 78.838 -122.8212
28.964522 78.871 -123.2524
29.174411 78.905 -123.6808
29.385821 78.940 -124.1057
29.598763 78.976 -124.5261
29.813248 79.011 -124.9407
30.029287 79.047 -125.3480
30.246891 79.082 -125.7468
30.466073 79.117 -126.1360
30.686842 79.152 -126.5150
30.909212 79.187 -126.8841
31.133193 79.224 -127.2440
31.358797 79.263 -127.5961
31.586035 79.304 -127.9421
31.814921 79.348 -128.2835
32.045465 79.395 -128.6221
32.277680 79.446 -128.9592
32.511577 79.501 -129.2959
32.747169 79.560 -129.6334
32.984469 79.623 -129.9724
33.223488 79.690 -130.3139
33.464239 79.760 -130.6584
33.706735 79.833 -131.0070
33.950987 79.909 -131.3602
34.197010 79.987 -131.7186
34.444816 80.067 -132.0829
34.694417 80.147 -132.4534
34.945827 80.228 -132.8302
35.199059 80.309 -133.2136
35.454126 80.389 -133.6031
35.711041 80.470 -133.9984
35.969818 80.550 -134.3987
36.230470 80.629 -134.8030
36.493011 80.708 -135.2102
36.757455 80.785 -135.6189
37.023814 80.862 -136.0275
37.292104 80.936 -136.4341
37.562338 81.008 -136.8365
37.834530 81.077 -137.2317
38.108695 81.141 -137.6165
38.384846 81.201 -137.9872
38.662999 81.256 -138.3405
38.943167 81.305 -138.6733
39.225365 81.350 -138.9838
39.509608 81.390 -139.2714
39.795911 81.426 -139.5372
40.084289 81.459 -139.7834
40.374756 81.490 -140.0132
40.667328 81.519 -140.2299
40.962020 81.547 -140.4368
41.258848 81.575 -140.6365
41.557827 81.602 -140.8311
41.858972 81.629 -141.0221
42.162299 81.655 -141.2104
42.467824 81.681 -141.3966
42.775564 81.706 -141.5807
43.085533 81.730 -141.7626
43.397749 81.754 -141.9420
43.712227 81.776 -142.1185
44.028983 81.797 -142.2921
44.348036 81.817 -142.4635
44.669400 81.836 -142.6336
44.993093 81.854 -142.8038
45.319131 81.870 -142.9754
45.647532 81.885 -143.1497
45.978313 81.898 -143.3271
46.311491 81.909 -143.5079
46.647083 81.920 -143.6920
46.985107 81.929 -143.8790
47.325581 81.938 -144.0681
47.668521 81.947 -144.2585
48.013947 81.958 -144.4490
48.361876 81.970 -144.6388
48.712326 81.986 -144.8271
49.065315 82.004 -145.0143
49.420863 82.025 -145.2016
49.778987 82.049 -145.3913
50.139706 82.075 -145.5856
50.503039 82.102 -145.7868
50.869005 82.129 -145.9960
51.237623 82.155 -146.2135
51.608912 82.180 -146.4388
51.982891 82.204 -146.6709
52.359580 82.227 -146.9084
52.739000 82.249 -147.1497
53.121168 82.271 -147.3925
53.506106 82.293 -147.6341
53.893833 82.314 -147.8716
54.284370 82.335 -148.1022
54.677737 82.356 -148.3235
55.073955 82.377 -148.5330
55.473043 82.398 -148.7283
55.875024 82.421 -148.9066
56.279917 82.444 -149.0647
56.687745 82.470 -149.2000
57.098527 82.499 -149.3110
57.512287 82.529 -149.4001
57.929045 82.561 -149.4746
58.348822 82.594 -149.5489
58.771642 82.629 -149.6433
59.197525 82.662 -149.7818
59.626495 82.695 -149.9864
60.058573 82.725 -150.2716
60.493782 82.751 -150.6404
60.932145 82.775 -151.0835
61.373685 82.796 -151.5826
61.818424 82.816 -152.1152
62.266386 82.837 -152.6593
62.717593 82.859 -153.1972
63.172071 82.883 -153.7166
63.629842 82.909 -154.2106
64.090930 82.937 -154.6763
64.555359 82.967 -155.1138
65.023154 82.999 -155.5244
65.494339 83.033 -155.9100
65.968938 83.070 -156.2725
66.446976 83.107 -156.6144
66.928478 83.146 -156.9388
67.413469 83.185 -157.2495
67.901975 83.224 -157.5507
68.394021 83.262 -157.8460
68.889632 83.298 -158.1380
69.388835 83.333 -158.4282
69.891655 83.364 -158.7169
70.398118 83.394 -159.0036
70.908252 83.420 -159.2877
71.422083 83.444 -159.5686
71.939636 83.464 -159.8468
72.460941 83.482 -160.1233
72.986023 83.496 -160.3997
73.514909 83.508 -160.6771
74.047629 83.516 -160.9559
74.584208 83.521 -161.2359
75.124676 83.523 -161.5162
75.669061 83.523 -161.7962
76.217390 83.519 -162.0753
76.769692 83.514 -162.3536
77.325997 83.507 -162.6317
77.886333 83.498 -162.9098
78.450730 83.488 -163.1880
79.019216 83.477 -163.4657
79.591822 83.465 -163.7421
80.168577 83.453 -164.0159
80.749512 83.439 -164.2863
81.334656 83.425 -164.5523
81.924040 83.410 -164.8137
82.517696 83.395 -165.0700
83.115653 83.379 -165.3209
83.717943 83.362 -165.5662
84.324598 83.345 -165.8057
84.935649 83.328 -166.0396
85.551128 83.311 -166.2684
86.171066 83.294 -166.4933
86.795497 83.276 -166.7155
87.424453 83.258 -166.9366
88.057967 83.239 -167.1579
88.696071 83.221 -167.3799
89.338800 83.202 -167.6030
89.986185 83.183 -167.8270
90.638262 83.165 -168.0515
91.295065 83.147 -168.2755
91.956626 83.129 -168.4983
92.622982 83.111 -168.7187
93.294166 83.093 -168.9355
93.970214 83.075 -169.1479
94.651161 83.058 -169.3551
95.337042 83.040 -169.5567
96.027894 83.022 -169.7533
96.723752 83.004 -169.9453
97.424652 82.986 -170.1341
98.130631 82.968 -170.3206
98.841726 82.950 -170.5059
99.557974 82.932 -170.6909
100.279412 82.914 -170.8761
101.006078 82.896 -171.0621
101.738010 82.879 -171.2490
102.475245 82.862 -171.4368
103.217823 82.845 -171.6248
103.965782 82.829 -171.8118
104.719161 82.813 -171.9959
105.477999 82.798 -172.1752
106.242336 82.784 -172.3481
107.012212 82.772 -172.5133
107.787666 82.762 -172.6707
108.568740 82.753 -172.8212
109.355474 82.745 -172.9667
110.147909 82.739 -173.1093
110.946086 82.734 -173.2509
111.750047 82.730 -173.3935
112.559834 82.727 -173.5383
113.375489 82.725 -173.6860
114.197055 82.724 -173.8368
115.024574 82.723 -173.9898
115.858089 82.724 -174.1435
116.697645 82.724 -174.2955
117.543284 82.725 -174.4435
118.395051 82.726 -174.5850
119.252990 82.725 -174.7186
120.117147 82.723 -174.8437
120.987565 82.720 -174.9609
121.864291 82.715 -175.0713
122.747370 82.710 -175.1765
123.636848 82.703 -175.2780
124.532771 82.696 -175.3768
125.435187 82.688 -175.4737
126.344142 82.679 -175.5693
127.259684 82.671 -175.6637
128.181860 82.662 -175.7570
129.110718 82.652 -175.8487
130.046308 82.642 -175.9383
130.988677 82.631 -176.0255
131.937875 82.619 -176.1101
132.893951 82.606 -176.1924
133.856956 82.592 -176.2729
134.826938 82.577 -176.3522
135.803950 82.560 -176.4306
136.788041 82.543 -176.5081
137.779264 82.524 -176.5842
138.777669 82.505 -176.6582
139.783309 82.484 -176.7293
140.796237 82.463 -176.7973
141.816504 82.441 -176.8621
142.844165 82.418 -176.9245
143.879273 82.395 -176.9853
144.921881 82.370 -177.0454
145.972045 82.344 -177.1056
147.029819 82.318 -177.1660
148.095257 82.291 -177.2264
149.168417 82.263 -177.2864
150.249353 82.236 -177.3451
151.338121 82.208 -177.4022
152.434780 82.181 -177.4572
153.539385 82.154 -177.5099
154.651995 82.128 -177.5602
155.772667 82.102 -177.6085
156.901460 82.077 -177.6550
158.038432 82.052 -177.7003
159.183644 82.027 -177.7449
160.337154 82.002 -177.7892
161.499023 81.978 -177.8333
162.669312 81.953 -177.8770
163.848081 81.927 -177.9201
165.035392 81.902 -177.9626
166.231306 81.876 -178.0048
167.435887 81.850 -178.0471
168.649196 81.824 -178.0902
169.871298 81.798 -178.1343
171.102255 81.773 -178.1793
172.342133 81.747 -178.2247
173.590995 81.721 -178.2691
174.848907 81.695 -178.3110
176.115934 81.669 -178.3484
177.392143 81.644 -178.3800
178.677599 81.619 -178.4048
179.972371 81.593 -178.4226
181.276525 81.567 -178.4340
182.590129 81.542 -178.4397
183.913252 81.515 -178.4405
185.245964 81.488 -178.4368
186.588332 81.460 -178.4284
187.940428 81.431 -178.4147
189.302322 81.401 -178.3951
190.674085 81.370 -178.3698
192.055788 81.338 -178.3389
193.447503 81.305 -178.3033
194.849303 81.272 -178.2638
196.261262 81.239 -178.2208
197.683452 81.207 -178.1747
199.115948 81.175 -178.1259
200.558824 81.143 -178.0743
202.012156 81.113 -178.0192
203.476019 81.085 -177.9600
204.950490 81.058 -177.8957
206.435646 81.032 -177.8257
207.931564 81.009 -177.7493
209.438322 80.987 -177.6665
210.955998 80.967 -177.5780
212.484672 80.948 -177.4850
214.024424 80.931 -177.3895
215.575333 80.916 -177.2932
217.137481 80.901 -177.1974
218.710948 80.887 -177.1025
220.295818 80.874 -177.0085
221.892172 80.861 -176.9147
223.500094 80.849 -176.8203
225.119668 80.837 -176.7249
226.750978 80.825 -176.6284
228.394109 80.814 -176.5312
230.049147 80.805 -176.4339
231.716178 80.796 -176.3374
233.395289 80.789 -176.2427
235.086567 80.784 -176.1503
236.790102 80.780 -176.0603
238.505980 80.779 -175.9721
240.234293 80.779 -175.8848
241.975130 80.780 -175.7975
243.728581 80.782 -175.7095
245.494739 80.786 -175.6205
247.273695 80.790 -175.5306
249.065542 80.795 -175.4402
250.870374 80.801 -175.3497
252.688284 80.807 -175.2600
254.519367 80.813 -175.1716
256.363720 80.819 -175.0855
258.221437 80.825 -175.0022
260.092616 80.831 -174.9225
261.977354 80.836 -174.8469
263.875750 80.841 -174.7762
265.787903 80.846 -174.7112
267.713911 80.851 -174.6523
269.653877 80.855 -174.5992
271.607900 80.860 -174.5506
273.576083 80.865 -174.5044
275.558528 80.870 -174.4585
277.555338 80.875 -174.4109
279.566619 80.880 -174.3605
281.592474 80.885 -174.3067
283.633009 80.891 -174.2495
285.688331 80.897 -174.1890
287.758546 80.904 -174.1258
289.843763 80.911 -174.0602
291.944090 80.918 -173.9922
294.059638 80.926 -173.9219
296.190515 80.935 -173.8488
298.336833 80.944 -173.7725
300.498705 80.953 -173.6923
302.676243 80.963 -173.6078
304.869559 80.974 -173.5188
307.078770 80.985 -173.4254
309.303989 80.997 -173.3280
311.545334 81.008 -173.2271
313.802919 81.020 -173.1233
316.076865 81.031 -173.0172
318.367288 81.043 -172.9094
320.674309 81.054 -172.8001
322.998047 81.065 -172.6896
325.338624 81.077 -172.5782
327.696162 81.088 -172.4658
330.070783 81.099 -172.3527
332.462612 81.111 -172.2392
334.871773 81.123 -172.1258
337.298392 81.134 -172.0131
339.742595 81.146 -171.9016
342.204510 81.157 -171.7918
344.684265 81.167 -171.6839
347.181989 81.176 -171.5780
349.697813 81.183 -171.4742
352.231868 81.189 -171.3721
354.784285 81.194 -171.2718
357.355198 81.198 -171.1730
359.944741 81.200 -171.0754
362.553049 81.202 -170.9784
365.180258 81.203 -170.8815
367.826505 81.203 -170.7841
370.491927 81.203 -170.6856
373.176665 81.202 -170.5855
375.880856 81.200 -170.4837
378.604644 81.198 -170.3802
381.348169 81.196 -170.2754
384.111575 81.193 -170.1696
386.895006 81.190 -170.0631
389.698607 81.187 -169.9559
392.522524 81.185 -169.8479
395.366904 81.182 -169.7391
398.231895 81.179 -169.6297
401.117648 81.177 -169.5200
404.024312 81.174 -169.4106
406.952038 81.171 -169.3019
409.900981 81.167 -169.1942
412.871292 81.163 -169.0875
415.863128 81.158 -168.9818
418.876643 81.151 -168.8770
421.911996 81.143 -168.7729
424.969344 81.134 -168.6694
428.048847 81.123 -168.5664
431.150666 81.111 -168.4641
434.274961 81.096 -168.3629
437.421897 81.080 -168.2633
440.591636 81.062 -168.1655
443.784345 81.043 -168.0696
447.000189 81.022 -167.9756
450.239337 81.001 -167.8832
453.501956 80.979 -167.7921
456.788219 80.956 -167.7021
460.098294 80.934 -167.6132
463.432356 80.911 -167.5254
466.790578 80.889 -167.4390
470.173135 80.868 -167.3540
473.580203 80.847 -167.2702
477.011961 80.827 -167.1874
480.468586 80.808 -167.1051
483.950259 80.790 -167.0228
487.457163 80.772 -166.9405
490.989478 80.756 -166.8580
494.547390 80.741 -166.7756
498.131084 80.727 -166.6935
501.740748 80.714 -166.6124
505.376568 80.702 -166.5323
509.038735 80.692 -166.4538
512.727439 80.683 -166.3770
516.442874 80.675 -166.3020
520.185232 80.669 -166.2288
523.954708 80.663 -166.1569
527.751500 80.660 -166.0854
531.575805 80.657 -166.0135
535.427822 80.656 -165.9401
539.307753 80.656 -165.8641
543.215800 80.657 -165.7852
547.152165 80.659 -165.7028
551.117055 80.663 -165.6171
555.110677 80.667 -165.5282
559.133237 80.672 -165.4364
563.184947 80.679 -165.3422
567.266018 80.686 -165.2461
571.376661 80.695 -165.1487
575.517092 80.706 -165.0500
579.687526 80.718 -164.9502
583.888181 80.731 -164.8497
588.119275 80.746 -164.7491
592.381030 80.761 -164.6494
596.673667 80.778 -164.5521
600.997410 80.794 -164.4589
605.352485 80.810 -164.3713
609.739119 80.825 -164.2904
614.157540 80.838 -164.2167
618.607979 80.849 -164.1498
623.090667 80.858 -164.0888
627.605839 80.863 -164.0323
632.153730 80.865 -163.9789
636.734576 80.863 -163.9274
641.348617 80.857 -163.8763
645.996094 80.849 -163.8248
650.677248 80.837 -163.7713
655.392323 80.822 -163.7136
660.141566 80.805 -163.6483
664.925224 80.785 -163.5705
669.743546 80.763 -163.4747
674.596784 80.739 -163.3553
679.485191 80.712 -163.2072
684.409020 80.684 -163.0269
689.368530 80.654 -162.8122
694.363979 80.623 -162.5635
699.395626 80.593 -162.2832
704.463736 80.565 -161.9757
709.568570 80.539 -161.6474
714.710396 80.517 -161.3058
719.889483 80.499 -160.9591
725.106099 80.483 -160.6149
730.360516 80.471 -160.2797
735.653010 80.460 -159.9580
740.983855 80.451 -159.6519
746.353329 80.441 -159.3608
751.761713 80.431 -159.0824
757.209288 80.420 -158.8130
762.696339 80.408 -158.5490
768.223151 80.394 -158.2874
773.790013 80.379 -158.0260
779.397214 80.364 -157.7643
785.045047 80.348 -157.5024
790.733808 80.332 -157.2410
796.463791 80.317 -156.9808
802.235296 80.301 -156.7225
808.048623 80.287 -156.4665
813.904077 80.272 -156.2126
819.801961 80.259 -155.9603
825.742584 80.246 -155.7086
831.726255 80.234 -155.4567
837.753287 80.225 -155.2040
843.823992 80.217 -154.9505
849.938689 80.211 -154.6967
856.097695 80.208 -154.4435
862.301332 80.208 -154.1921
868.549922 80.210 -153.9443
874.843793 80.215 -153.7018
881.183272 80.222 -153.4667
887.568689 80.233 -153.2408
894.000378 80.245 -153.0253
900.478673 80.260 -152.8211
907.003913 80.277 -152.6284
913.576437 80.295 -152.4469
920.196588 80.316 -152.2763
926.864712 80.338 -152.1164
933.581156 80.361 -151.9668
940.346270 80.387 -151.8272
947.160407 80.414 -151.6970
954.023921 80.442 -151.5756
960.937172 80.473 -151.4624
967.900519 80.504 -151.3566
974.914325 80.538 -151.2577
981.978956 80.572 -151.1653
989.094780 80.609 -151.0788
996.262169 80.647 -150.9978
1003.481495 80.687 -150.9214
1010.753136 80.729 -150.8491
1018.077470 80.773 -150.7804
1025.454879 80.819 -150.7149
1032.885748 80.867 -150.6526
1040.370463 80.917 -150.5932
1047.909417 80.969 -150.5366
1055.503000 81.021 -150.4823
1063.151610 81.075 -150.4296
1070.855645 81.129 -150.3772
1078.615506 81.183 -150.3233
1086.431599 81.237 -150.2659
1094.304330 81.291 -150.2034
1102.234110 81.344 -150.1355
1110.221353 81.396 -150.0631
1118.266475 81.448 -149.9886
1126.369895 81.500 -149.9151
1134.532035 81.552 -149.8458
1142.753322 81.606 -149.7835
1151.034184 81.660 -149.7303
1159.375052 81.715 -149.6871
1167.776361 81.772 -149.6538
1176.238550 81.829 -149.6299
1184.762060 81.886 -149.6152
1193.347334 81.943 -149.6098
1201.994821 82.000 -149.6145
1210.704971 82.055 -149.6297
1219.478238 82.110 -149.6551
1228.315080 82.163 -149.6902
1237.215957 82.216 -149.7343
1246.181334 82.268 -149.7863
1255.211678 82.319 -149.8454
1264.307459 82.369 -149.9104
1273.469152 82.417 -149.9803
1282.697235 82.464 -150.0537
1291.992188 82.510 -150.1294
1301.354495 82.554 -150.2063
1310.784647 82.596 -150.2835
1320.283132 82.637 -150.3602
1329.850448 82.676 -150.4353
1339.487093 82.713 -150.5079
1349.193569 82.749 -150.5766
1358.970381 82.783 -150.6399
1368.818041 82.816 -150.6967
1378.737061 82.848 -150.7464
1388.727958 82.878 -150.7889
1398.791253 82.909 -150.8246
1408.927471 82.938 -150.8548
1419.137140 82.968 -150.8806
1429.420793 82.999 -150.9028
1439.778965 83.029 -150.9216
1450.212197 83.060 -150.9361
1460.721033 83.091 -150.9449
1471.306019 83.122 -150.9462
1481.967709 83.153 -150.9377
1492.706658 83.184 -150.9173
1503.523426 83.216 -150.8838
1514.418576 83.247 -150.8372
1525.392678 83.277 -150.7788
1536.446302 83.308 -150.7103
1547.580025 83.336 -150.6339
1558.794428 83.363 -150.5515
1570.090095 83.387 -150.4646
1581.467615 83.408 -150.3733
1592.927581 83.424 -150.2766
1604.470591 83.436 -150.1721
1616.097246 83.442 -150.0560
1627.808153 83.443 -149.9235
1639.603922 83.438 -149.7694
1651.485168 83.428 -149.5885
1663.452510 83.414 -149.3768
1675.506573 83.396 -149.1315
1687.647984 83.375 -148.8513
1699.877377 83.352 -148.5367
1712.195390 83.329 -148.1896
1724.602663 83.306 -147.8136
1737.099845 83.284 -147.4131
1749.687587 83.264 -146.9928
1762.366544 83.244 -146.5575
1775.137379 83.227 -146.1109
1788.000756 83.210 -145.6554
1800.957346 83.194 -145.1914
1814.007826 83.179 -144.7175
1827.152874 83.164 -144.2310
1840.393177 83.149 -143.7287
1853.729425 83.135 -143.2077
1867.162312 83.121 -142.6666
1880.692540 83.110 -142.1057
1894.320813 83.101 -141.5275
1908.047843 83.095 -140.9360
1921.874344 83.092 -140.3367
1935.801038 83.092 -139.7359
1949.828650 83.096 -139.1405
1963.957912 83.103 -138.5579
1978.189561 83.113 -137.9944
1992.524338 83.124 -137.4550
2006.962991 83.137 -136.9426
2021.506272 83.151 -136.4575
2036.154940 83.165 -135.9982
2050.909758 83.178 -135.5613
2065.771495 83.192 -135.1436
2080.740927 83.206 -134.7420
2095.818833 83.220 -134.3552
2111.006001 83.237 -133.9835
2126.303220 83.256 -133.6290
2141.711290 83.277 -133.2951
2157.231013 83.302 -132.9863
2172.863198 83.330 -132.7078
2188.608660 83.361 -132.4641
2204.468221 83.394 -132.2590
2220.442706 83.430 -132.0953
2236.532950 83.466 -131.9745
2252.739789 83.504 -131.8972
2269.064070 83.541 -131.8625
2285.506644 83.576 -131.8683
2302.068367 83.610 -131.9111
2318.750104 83.642 -131.9862
2335.552723 83.670 -132.0880
2352.477101 83.695 -132.2101
2369.524119 83.717 -132.3461
2386.694668 83.736 -132.4897
2403.989641 83.753 -132.6361
2421.409941 83.768 -132.7815
2438.956476 83.783 -132.9241
2456.630160 83.798 -133.0632
2474.431915 83.813 -133.1990
2492.362668 83.830 -133.3326
2510.423356 83.849 -133.4660
2528.614918 83.869 -133.6012
2546.938304 83.891 -133.7406
2565.394469 83.916 -133.8859
2583.984375 83.942 -134.0380
2602.708991 83.969 -134.1969
2621.569293 83.998 -134.3618
2640.566265 84.027 -134.5321
2659.700897 84.058 -134.7065
2678.974186 84.088 -134.8839
2698.387137 84.119 -135.0631
2717.940763 84.150 -135.2427
2737.636082 84.180 -135.4210
2757.474121 84.208 -135.5960
2777.455915 84.236 -135.7650
2797.582506 84.261 -135.9251
2817.854942 84.285 -136.0729
2838.274281 84.306 -136.2049
2858.841586 84.325 -136.3171
2879.557931 84.341 -136.4055
2900.424394 84.354 -136.4655
2921.442065 84.365 -136.4931
2942.612039 84.373 -136.4845
2963.935418 84.379 -136.4368
2985.413316 84.383 -136.3480
3007.046852 84.386 -136.2168
3028.837153 84.387 -136.0430
3050.785356 84.388 -135.8271
3072.892604 84.389 -135.5707
3095.160050 84.389 -135.2772
3117.588856 84.389 -134.9511
3140.180190 84.390 -134.5987
3162.935230 84.391 -134.2269
3185.855163 84.391 -133.8423
3208.941182 84.390 -133.4506
3232.194493 84.387 -133.0555
3255.616307 84.381 -132.6592
3279.207844 84.372 -132.2623
3302.970336 84.359 -131.8641
3326.905021 84.342 -131.4627
3351.013146 84.319 -131.0549
3375.295969 84.291 -130.6357
3399.754755 84.259 -130.1981
3424.390779 84.222 -129.7338
3449.205326 84.180 -129.2337
3474.199690 84.137 -128.6890
3499.375173 84.093 -128.0923
3524.733088 84.051 -127.4379
3550.274757 84.013 -126.7226
3576.001511 83.982 -125.9450
3601.914692 83.962 -125.1060
3628.015651 83.955 -124.2094
3654.305748 83.965 -123.2630
3680.786354 83.995 -122.2792
3707.458849 84.049 -121.2754
3734.324624 84.129 -120.2735
3761.385080 84.236 -119.2986
3788.641627 84.372 -118.3779
3816.095686 84.535 -117.5392
3843.748688 84.725 -116.8096
3871.602076 84.937 -116.2143
3899.657300 85.170 -115.7743
3927.915825 85.418 -115.5051
3956.379122 85.677 -115.4160
3985.048676 85.942 -115.5100
4013.925981 86.208 -115.7849
4043.012544 86.472 -116.2343
4072.309879 86.729 -116.8493
4101.819515 86.976 -117.6184
4131.542990 87.210 -118.5287
4161.481854 87.427 -119.5648
4191.637667 87.626 -120.7098
4222.012001 87.803 -121.9446
4252.606441 87.958 -123.2485
4283.422580 88.089 -124.5995
4314.462026 88.196 -125.9753
4345.726396 88.278 -127.3533
4377.217321 88.337 -128.7123
4408.936442 88.374 -130.0328
4440.885413 88.391 -131.2984
4473.065899 88.390 -132.4958
4505.479579 88.374 -133.6150
4538.128141 88.346 -134.6500
4571.013288 88.308 -135.5982
4604.136735 88.263 -136.4603
4637.500207 88.214 -137.2400
4671.105446 88.164 -137.9438
4704.954201 88.114 -138.5800
4739.048239 88.067 -139.1584
4773.389336 88.024 -139.6900
4807.979283 87.987 -140.1859
4842.819883 87.956 -140.6572
4877.912952 87.933 -141.1143
4913.260320 87.917 -141.5665
4948.863830 87.910 -142.0218
4984.725337 87.911 -142.4866
5020.846712 87.920 -142.9665
5057.229836 87.937 -143.4657
5093.876609 87.964 -143.9882
5130.788938 87.999 -144.5383
5167.968750 88.044 -145.1203
5205.417982 88.099 -145.7401
5243.138586 88.164 -146.4043
5281.132530 88.238 -147.1218
5319.401793 88.322 -147.9026
5357.948371 88.415 -148.7582
5396.774274 88.515 -149.7005
5435.881525 88.620 -150.7412
5475.272163 88.728 -151.8904
5514.948243 88.834 -153.1561
5554.911831 88.935 -154.5425
5595.165012 89.027 -156.0501
5635.709884 89.106 -157.6749
5676.548561 89.168 -159.4080
5717.683172 89.208 -161.2356
5759.115861 89.223 -163.1390
5800.848789 89.208 -165.0951
5842.884130 89.163 -167.0765
5885.224077 89.084 -169.0520
5927.870837 88.970 -170.9875
5970.826633 88.821 -172.8457
6014.093704 88.636 -174.5877
6057.674306 88.418 -176.1732
6101.570711 88.169 -177.5620
6145.785208 87.892 -178.7152
6190.320101 87.593 -179.5969
6235.177712 87.278 179.8235
6280.360380 86.954 179.5690
6325.870460 86.630 179.6528
6371.710325 86.316 -179.9249
6417.882365 86.021 -179.1791
6464.388986 85.755 -178.1431
6511.232613 85.528 -176.8689
6558.415689 85.348 -175.4270
6605.940673 85.218 -173.9010
6653.810042 85.143 -172.3805
6702.026292 85.119 -170.9510
6750.591937 85.142 -169.6847
6799.509509 85.206 -168.6349
6848.781558 85.303 -167.8341
6898.410653 85.426 -167.2964
6948.399380 85.568 -167.0224
6998.750346 85.723 -167.0040
7049.466176 85.889 -167.2294
7100.549514 86.062 -167.6873
7152.003023 86.241 -168.3691
7203.829385 86.425 -169.2707
7256.031302 86.613 -170.3934
7308.611496 86.805 -171.7433
7361.572708 86.997 -173.3303
7414.917698 87.189 -175.1666
7468.649249 87.376 -177.2641
7522.770160 87.552 -179.6324
7577.283253 87.712 177.7231
7632.191371 87.849 174.8032
7687.497376 87.955 171.6163
7743.204151 88.022 168.1799
7799.314600 88.042 164.5218
7855.831649 88.005 160.6818
7912.758244 87.903 156.7136
7970.097352 87.730 152.6855
8027.851962 87.480 148.6812
8086.025087 87.147 144.7994
8144.619758 86.731 141.1515
8203.639030 86.232 137.8606
8263.085980 85.653 135.0623
8322.963708 85.002 132.9078
8383.275334 84.286 131.5707
8444.024002 83.517 131.2531
8505.212881 82.713 132.1859
8566.845160 81.894 134.6067
8628.924051 81.090 138.6891
8691.452792 80.339 144.4016
8754.434642 79.683 151.3392
8817.872884 79.169 158.6960
8881.770826 78.833 165.5286
8946.131799 78.689 171.1413
9010.959157 78.728 175.2524
9076.256282 78.921 177.8973
9142.026576 79.226 179.2571
9208.273470 79.602 179.5403
9275.000415 80.015 178.9323
9342.210891 80.438 177.5824
9409.908403 80.849 175.6067
9478.096478 81.235 173.0963
9546.778672 81.585 170.1249
9615.958566 81.889 166.7553
9685.639765 82.142 163.0438
9755.825904 82.339 159.0438
9826.520640 82.476 154.8079
9897.727659 82.551 150.3885
9969.450674 82.562 145.8378
10041.693423 82.509 141.2062
10114.459673 82.396 136.5416
10187.753217 82.223 131.8866
10261.577877 81.997 127.2767
10335.937500 81.722 122.7394
10410.835964 81.405 118.2932
10486.277173 81.051 113.9478
10562.265060 80.668 109.7053
10638.803587 80.259 105.5624
10715.896743 79.832 101.5118
10793.548548 79.390 97.5443
10871.763050 78.937 93.6500
10950.544327 78.476 89.8187
11029.896485 78.012 86.0395
11109.823662 77.546 82.3002
11190.330024 77.084 78.5857
11271.419768 76.629 74.8775
11353.097122 76.187 71.1527
11435.366344 75.763 67.3835
11518.231722 75.362 63.5383
11601.697577 74.989 59.5819
11685.768261 74.648 55.4777
11770.448155 74.342 51.1889
11855.741674 74.072 46.6803
11941.653265 73.838 41.9196
12028.187408 73.638 36.8798
12115.348612 73.466 31.5396
12203.141422 73.318 25.8850
12291.570415 73.187 19.9100
12380.640201 73.070 13.6158
12470.355424 72.961 7.0099
12560.720760 72.858 0.1046
12651.740920 72.761 -7.0852
12743.420650 72.672 -14.5439
12835.764729 72.594 -22.2571
12928.777972 72.534 -30.2123
13022.465227 72.496 -38.3994
13116.831378 72.485 -46.8109
13211.881345 72.504 -55.4402
13307.620084 72.553 -64.2799
13404.052584 72.630 -73.3200
13501.183875 72.729 -82.5458
13599.019019 72.844 -91.9374
13697.563116 72.970 -101.4698
13796.821305 73.101 -111.1153
13896.798760 73.234 -120.8464
13997.500692 73.366 -130.6385
14098.932352 73.497 -140.4727
14201.099028 73.624 -150.3364
14304.006046 73.745 -160.2234
14407.658770 73.859 -170.1312
14512.062604 73.963 179.9410
14617.222992 74.052 169.9938
14723.145416 74.124 160.0299
14829.835397 74.177 150.0543
14937.298497 74.212 140.0730
15045.540320 74.231 130.0912
15154.566507 74.239 120.1097
15264.382743 74.243 110.1208
15374.994752 74.249 100.1063
15486.408302 74.263 90.0355
15598.629201 74.285 79.8677
15711.663298 74.311 69.5601
15825.516487 74.330 59.0750
15940.194703 74.331 48.3886
16055.703925 74.300 37.4943
16172.050174 74.228 26.4009
16289.239516 74.105 15.1271
16407.278061 73.929 3.6946
16526.171961 73.699 -7.8763
16645.927415 73.418 -19.5703
16766.550667 73.090 -31.3801
16888.048005 72.722 -43.3077
17010.425762 72.325 -55.3656
17133.690320 71.911 -67.5771
17257.848103 71.493 -79.9765
17382.905584 71.086 -92.6059
17508.869284 70.708 -105.5159
17635.745768 70.372 -118.7613
17763.541652 70.096 -132.3979
17892.263597 69.893 -146.4777
18021.918315 69.774 -161.0356
18152.512564 69.749 -176.0732
18284.053153 69.821 168.4722
18416.546939 69.989 152.7695
18550.000830 70.244 137.1355
18684.421783 70.570 122.0757
18819.816805 70.943 108.3168
18956.192956 71.337 96.8828
19093.557344 71.728 89.3335
19231.917131 72.092 88.2163
19371.279531 72.412 96.6487
19511.651807 72.676 112.6013
19653.041280 72.876 125.8457
19795.455318 73.009 132.3779
19938.901348 73.076 134.6796
