* Measurement data measured by REW V5.31.3
* Source: EXCL: Headset (USB-C to 3.5mm Headphone Jack Adapter), MICROPHONE (Master Volume), 0, volume: 0.750
* Format: 256k Log Swept Sine, 1 sweep at -12.0 dBFS with no timing reference
* Dated: Apr 7, 2025 12:08:05 PM
* REW Settings:
*  C-weighting compensation: Off
*  Target level: 75.0 dB
* Note: ; 
* Measurement: HD6XX (Forward) L1
* Smoothing: 1/6 octave
* Frequency Step: 96 ppo
* Start Frequency: 20.0 Hz
*
* Freq(Hz) SPL(dB) Phase(degrees)
20.187378 78.878 -104.4734
20.333664 78.905 -104.5824
20.481010 78.942 -104.7176
20.629424 78.986 -104.8620
20.778913 79.037 -104.9978
20.929486 79.093 -105.1089
21.081150 79.154 -105.1827
21.233912 79.218 -105.2108
21.387782 79.285 -105.1898
21.542767 79.354 -105.1217
21.698874 79.425 -105.0132
21.856113 79.499 -104.8757
22.014492 79.573 -104.7238
22.174018 79.648 -104.5745
22.334700 79.724 -104.4455
22.496546 79.798 -104.3542
22.659566 79.871 -104.3162
22.823766 79.942 -104.3437
22.989157 80.009 -104.4450
23.155745 80.072 -104.6237
23.323542 80.130 -104.8782
23.492554 80.185 -105.2024
23.662790 80.236 -105.5858
23.834261 80.284 -106.0146
24.006973 80.331 -106.4726
24.180938 80.377 -106.9429
24.356163 80.424 -107.4089
24.532658 80.474 -107.8560
24.710431 80.527 -108.2725
24.889493 80.585 -108.6502
25.069853 80.647 -108.9852
25.251519 80.712 -109.2773
25.434502 80.780 -109.5300
25.618811 80.849 -109.7493
25.804456 80.918 -109.9430
25.991445 80.985 -110.1201
26.179790 81.047 -110.2893
26.369500 81.104 -110.4589
26.560584 81.155 -110.6366
26.753053 81.199 -110.8284
26.946917 81.236 -111.0396
27.142185 81.268 -111.2742
27.338869 81.295 -111.5349
27.536977 81.319 -111.8236
27.736522 81.342 -112.1412
27.937512 81.367 -112.4874
28.139959 81.394 -112.8612
28.343872 81.425 -113.2601
28.549264 81.460 -113.6806
28.756143 81.501 -114.1180
28.964522 81.544 -114.5664
29.174411 81.590 -115.0190
29.385821 81.636 -115.4681
29.598763 81.681 -115.9063
29.813248 81.722 -116.3266
30.029287 81.758 -116.7234
30.246891 81.789 -117.0938
30.466073 81.815 -117.4375
30.686842 81.836 -117.7580
30.909212 81.854 -118.0625
31.133193 81.870 -118.3608
31.358797 81.889 -118.6649
31.586035 81.911 -118.9865
31.814921 81.939 -119.3353
32.045465 81.976 -119.7174
32.277680 82.023 -120.1334
32.511577 82.083 -120.5785
32.747169 82.155 -121.0429
32.984469 82.241 -121.5139
33.223488 82.341 -121.9778
33.464239 82.454 -122.4222
33.706735 82.579 -122.8382
33.950987 82.713 -123.2205
34.197010 82.853 -123.5682
34.444816 82.995 -123.8832
34.694417 83.137 -124.1692
34.945827 83.274 -124.4310
35.199059 83.405 -124.6737
35.454126 83.528 -124.9026
35.711041 83.643 -125.1244
35.969818 83.750 -125.3465
36.230470 83.851 -125.5779
36.493011 83.947 -125.8277
36.757455 84.040 -126.1038
37.023814 84.130 -126.4116
37.292104 84.217 -126.7519
37.562338 84.302 -127.1206
37.834530 84.384 -127.5098
38.108695 84.463 -127.9084
38.384846 84.538 -128.3056
38.662999 84.609 -128.6920
38.943167 84.675 -129.0619
39.225365 84.737 -129.4138
39.509608 84.793 -129.7496
39.795911 84.846 -130.0732
40.084289 84.894 -130.3896
40.374756 84.940 -130.7032
40.667328 84.985 -131.0170
40.962020 85.031 -131.3329
41.258848 85.081 -131.6521
41.557827 85.135 -131.9754
41.858972 85.196 -132.3041
42.162299 85.262 -132.6391
42.467824 85.333 -132.9811
42.775564 85.406 -133.3296
43.085533 85.477 -133.6816
43.397749 85.543 -134.0318
43.712227 85.602 -134.3721
44.028983 85.650 -134.6935
44.348036 85.689 -134.9868
44.669400 85.718 -135.2456
44.993093 85.742 -135.4674
45.319131 85.762 -135.6553
45.647532 85.782 -135.8174
45.978313 85.806 -135.9653
46.311491 85.834 -136.1119
46.647083 85.867 -136.2685
46.985107 85.904 -136.4431
47.325581 85.943 -136.6393
47.668521 85.983 -136.8573
48.013947 86.023 -137.0952
48.361876 86.061 -137.3512
48.712326 86.097 -137.6248
49.065315 86.130 -137.9170
49.420863 86.161 -138.2303
49.778987 86.190 -138.5667
50.139706 86.218 -138.9263
50.503039 86.244 -139.3060
50.869005 86.268 -139.6994
51.237623 86.291 -140.0977
51.608912 86.313 -140.4919
51.982891 86.334 -140.8742
52.359580 86.354 -141.2406
52.739000 86.373 -141.5908
53.121168 86.392 -141.9283
53.506106 86.410 -142.2591
53.893833 86.428 -142.5908
54.284370 86.445 -142.9310
54.677737 86.463 -143.2878
55.073955 86.480 -143.6689
55.473043 86.497 -144.0824
55.875024 86.514 -144.5362
56.279917 86.532 -145.0377
56.687745 86.550 -145.5916
57.098527 86.570 -146.1987
57.512287 86.591 -146.8530
57.929045 86.616 -147.5399
58.348822 86.644 -148.2347
58.771642 86.676 -148.9042
59.197525 86.713 -149.5110
59.626495 86.754 -150.0201
60.058573 86.800 -150.4074
60.493782 86.850 -150.6654
60.932145 86.905 -150.8051
61.373685 86.962 -150.8523
61.818424 87.022 -150.8409
62.266386 87.082 -150.8055
62.717593 87.142 -150.7753
63.172071 87.201 -150.7713
63.629842 87.260 -150.8058
64.090930 87.319 -150.8836
64.555359 87.377 -151.0040
65.023154 87.436 -151.1634
65.494339 87.493 -151.3577
65.968938 87.550 -151.5832
66.446976 87.607 -151.8375
66.928478 87.663 -152.1189
67.413469 87.718 -152.4251
67.901975 87.771 -152.7537
68.394021 87.824 -153.1011
68.889632 87.875 -153.4631
69.388835 87.925 -153.8353
69.891655 87.973 -154.2136
70.398118 88.019 -154.5951
70.908252 88.064 -154.9779
71.422083 88.106 -155.3610
71.939636 88.146 -155.7440
72.460941 88.183 -156.1266
72.986023 88.217 -156.5081
73.514909 88.248 -156.8879
74.047629 88.276 -157.2651
74.584208 88.301 -157.6391
75.124676 88.323 -158.0098
75.669061 88.343 -158.3774
76.217390 88.361 -158.7426
76.769692 88.377 -159.1062
77.325997 88.392 -159.4691
77.886333 88.404 -159.8319
78.450730 88.416 -160.1953
79.019216 88.426 -160.5595
79.591822 88.435 -160.9246
80.168577 88.443 -161.2902
80.749512 88.450 -161.6558
81.334656 88.456 -162.0205
81.924040 88.462 -162.3839
82.517696 88.467 -162.7453
83.115653 88.472 -163.1040
83.717943 88.477 -163.4599
84.324598 88.481 -163.8124
84.935649 88.485 -164.1614
85.551128 88.489 -164.5067
86.171066 88.493 -164.8486
86.795497 88.496 -165.1873
87.424453 88.498 -165.5236
88.057967 88.501 -165.8587
88.696071 88.503 -166.1938
89.338800 88.505 -166.5303
89.986185 88.507 -166.8695
90.638262 88.509 -167.2121
91.295065 88.511 -167.5584
91.956626 88.513 -167.9082
92.622982 88.515 -168.2605
93.294166 88.517 -168.6145
93.970214 88.518 -168.9691
94.651161 88.519 -169.3235
95.337042 88.520 -169.6765
96.027894 88.521 -170.0272
96.723752 88.522 -170.3745
97.424652 88.523 -170.7177
98.130631 88.524 -171.0565
98.841726 88.525 -171.3911
99.557974 88.527 -171.7223
100.279412 88.528 -172.0508
101.006078 88.530 -172.3777
101.738010 88.532 -172.7036
102.475245 88.534 -173.0292
103.217823 88.537 -173.3547
103.965782 88.539 -173.6808
104.719161 88.543 -174.0082
105.477999 88.547 -174.3385
106.242336 88.552 -174.6730
107.012212 88.558 -175.0123
107.787666 88.566 -175.3564
108.568740 88.575 -175.7044
109.355474 88.585 -176.0551
110.147909 88.597 -176.4077
110.946086 88.610 -176.7612
111.750047 88.623 -177.1150
112.559834 88.637 -177.4686
113.375489 88.651 -177.8213
114.197055 88.665 -178.1727
115.024574 88.679 -178.5225
115.858089 88.693 -178.8707
116.697645 88.705 -179.2170
117.543284 88.717 -179.5609
118.395051 88.729 -179.9014
119.252990 88.739 179.7632
120.117147 88.749 179.4341
120.987565 88.758 179.1119
121.864291 88.766 178.7964
122.747370 88.773 178.4868
123.636848 88.780 178.1819
124.532771 88.786 177.8806
125.435187 88.791 177.5817
126.344142 88.797 177.2844
127.259684 88.801 176.9882
128.181860 88.805 176.6927
129.110718 88.808 176.3975
130.046308 88.810 176.1028
130.988677 88.811 175.8084
131.937875 88.810 175.5143
132.893951 88.809 175.2204
133.856956 88.805 174.9263
134.826938 88.801 174.6317
135.803950 88.795 174.3367
136.788041 88.788 174.0413
137.779264 88.780 173.7460
138.777669 88.771 173.4510
139.783309 88.760 173.1569
140.796237 88.748 172.8641
141.816504 88.735 172.5730
142.844165 88.721 172.2839
143.879273 88.706 171.9973
144.921881 88.689 171.7131
145.972045 88.672 171.4314
147.029819 88.655 171.1519
148.095257 88.637 170.8749
149.168417 88.619 170.6002
150.249353 88.600 170.3282
151.338121 88.582 170.0589
152.434780 88.564 169.7921
153.539385 88.545 169.5276
154.651995 88.527 169.2651
155.772667 88.509 169.0040
156.901460 88.491 168.7439
158.038432 88.473 168.4845
159.183644 88.456 168.2254
160.337154 88.438 167.9664
161.499023 88.421 167.7071
162.669312 88.403 167.4475
163.848081 88.386 167.1878
165.035392 88.369 166.9287
166.231306 88.352 166.6709
167.435887 88.334 166.4152
168.649196 88.317 166.1623
169.871298 88.299 165.9127
171.102255 88.282 165.6669
172.342133 88.264 165.4249
173.590995 88.246 165.1864
174.848907 88.229 164.9506
176.115934 88.211 164.7157
177.392143 88.193 164.4798
178.677599 88.175 164.2405
179.972371 88.156 163.9960
181.276525 88.137 163.7454
182.590129 88.116 163.4894
183.913252 88.096 163.2297
185.245964 88.074 162.9685
186.588332 88.052 162.7080
187.940428 88.029 162.4497
189.302322 88.006 162.1945
190.674085 87.982 161.9429
192.055788 87.959 161.6948
193.447503 87.935 161.4497
194.849303 87.910 161.2071
196.261262 87.886 160.9662
197.683452 87.862 160.7271
199.115948 87.837 160.4899
200.558824 87.813 160.2558
202.012156 87.789 160.0259
203.476019 87.765 159.8010
204.950490 87.742 159.5815
206.435646 87.719 159.3669
207.931564 87.696 159.1564
209.438322 87.673 158.9493
210.955998 87.650 158.7448
212.484672 87.627 158.5421
214.024424 87.604 158.3406
215.575333 87.581 158.1401
217.137481 87.558 157.9403
218.710948 87.536 157.7414
220.295818 87.514 157.5435
221.892172 87.493 157.3469
223.500094 87.473 157.1515
225.119668 87.454 156.9571
226.750978 87.436 156.7635
228.394109 87.420 156.5703
230.049147 87.406 156.3774
231.716178 87.393 156.1847
233.395289 87.382 155.9923
235.086567 87.372 155.8005
236.790102 87.364 155.6094
238.505980 87.356 155.4189
240.234293 87.351 155.2288
241.975130 87.346 155.0387
243.728581 87.342 154.8486
245.494739 87.339 154.6589
247.273695 87.337 154.4701
249.065542 87.335 154.2825
250.870374 87.332 154.0969
252.688284 87.330 153.9136
254.519367 87.327 153.7329
256.363720 87.324 153.5544
258.221437 87.321 153.3772
260.092616 87.317 153.2003
261.977354 87.312 153.0223
263.875750 87.307 152.8426
265.787903 87.302 152.6608
267.713911 87.296 152.4776
269.653877 87.290 152.2941
271.607900 87.284 152.1115
273.576083 87.277 151.9308
275.558528 87.270 151.7530
277.555338 87.264 151.5787
279.566619 87.258 151.4085
281.592474 87.251 151.2425
283.633009 87.246 151.0801
285.688331 87.240 150.9207
287.758546 87.234 150.7632
289.843763 87.228 150.6068
291.944090 87.223 150.4507
294.059638 87.218 150.2948
296.190515 87.214 150.1389
298.336833 87.210 149.9831
300.498705 87.207 149.8278
302.676243 87.204 149.6732
304.869559 87.203 149.5197
307.078770 87.202 149.3676
309.303989 87.202 149.2171
311.545334 87.202 149.0685
313.802919 87.203 148.9217
316.076865 87.204 148.7769
318.367288 87.205 148.6344
320.674309 87.207 148.4944
322.998047 87.208 148.3575
325.338624 87.209 148.2237
327.696162 87.210 148.0934
330.070783 87.211 147.9665
332.462612 87.211 147.8427
334.871773 87.211 147.7216
337.298392 87.210 147.6026
339.742595 87.208 147.4852
342.204510 87.205 147.3692
344.684265 87.200 147.2543
347.181989 87.195 147.1402
349.697813 87.188 147.0264
352.231868 87.179 146.9117
354.784285 87.169 146.7953
357.355198 87.157 146.6763
359.944741 87.145 146.5538
362.553049 87.131 146.4277
365.180258 87.116 146.2984
367.826505 87.100 146.1671
370.491927 87.083 146.0349
373.176665 87.067 145.9030
375.880856 87.050 145.7720
378.604644 87.033 145.6423
381.348169 87.016 145.5137
384.111575 86.999 145.3866
386.895006 86.981 145.2611
389.698607 86.964 145.1375
392.522524 86.947 145.0159
395.366904 86.929 144.8965
398.231895 86.911 144.7791
401.117648 86.892 144.6638
404.024312 86.872 144.5504
406.952038 86.852 144.4387
409.900981 86.831 144.3287
412.871292 86.809 144.2200
415.863128 86.786 144.1124
418.876643 86.762 144.0053
421.911996 86.737 143.8986
424.969344 86.710 143.7917
428.048847 86.682 143.6847
431.150666 86.653 143.5771
434.274961 86.622 143.4693
437.421897 86.589 143.3615
440.591636 86.556 143.2541
443.784345 86.521 143.1477
447.000189 86.486 143.0428
450.239337 86.449 142.9400
453.501956 86.413 142.8395
456.788219 86.376 142.7415
460.098294 86.338 142.6458
463.432356 86.302 142.5518
466.790578 86.265 142.4591
470.173135 86.229 142.3676
473.580203 86.194 142.2767
477.011961 86.160 142.1865
480.468586 86.127 142.0967
483.950259 86.096 142.0070
487.457163 86.065 141.9174
490.989478 86.035 141.8278
494.547390 86.006 141.7384
498.131084 85.979 141.6492
501.740748 85.952 141.5601
505.376568 85.926 141.4708
509.038735 85.902 141.3811
512.727439 85.880 141.2906
516.442874 85.859 141.1989
520.185232 85.839 141.1054
523.954708 85.822 141.0098
527.751500 85.806 140.9115
531.575805 85.793 140.8105
535.427822 85.781 140.7067
539.307753 85.771 140.6009
543.215800 85.763 140.4941
547.152165 85.756 140.3882
551.117055 85.750 140.2855
555.110677 85.745 140.1882
559.133237 85.742 140.0984
563.184947 85.739 140.0176
567.266018 85.737 139.9467
571.376661 85.737 139.8857
575.517092 85.738 139.8341
579.687526 85.740 139.7907
583.888181 85.744 139.7540
588.119275 85.750 139.7222
592.381030 85.757 139.6933
596.673667 85.765 139.6654
600.997410 85.774 139.6367
605.352485 85.784 139.6058
609.739119 85.794 139.5715
614.157540 85.804 139.5328
618.607979 85.814 139.4892
623.090667 85.823 139.4405
627.605839 85.832 139.3869
632.153730 85.839 139.3287
636.734576 85.845 139.2666
641.348617 85.849 139.2011
645.996094 85.852 139.1330
650.677248 85.854 139.0629
655.392323 85.854 138.9915
660.141566 85.853 138.9195
664.925224 85.850 138.8476
669.743546 85.847 138.7761
674.596784 85.842 138.7050
679.485191 85.837 138.6340
684.409020 85.831 138.5626
689.368530 85.824 138.4901
694.363979 85.817 138.4161
699.395626 85.809 138.3400
704.463736 85.800 138.2615
709.568570 85.790 138.1802
714.710396 85.780 138.0955
719.889483 85.769 138.0063
725.106099 85.756 137.9116
730.360516 85.743 137.8103
735.653010 85.728 137.7017
740.983855 85.712 137.5854
746.353329 85.694 137.4612
751.761713 85.675 137.3296
757.209288 85.654 137.1913
762.696339 85.632 137.0474
768.223151 85.607 136.8989
773.790013 85.581 136.7470
779.397214 85.552 136.5927
785.045047 85.522 136.4366
790.733808 85.491 136.2794
796.463791 85.458 136.1212
802.235296 85.425 135.9617
808.048623 85.390 135.8007
813.904077 85.355 135.6375
819.801961 85.319 135.4718
825.742584 85.282 135.3035
831.726255 85.245 135.1329
837.753287 85.205 134.9610
843.823992 85.164 134.7895
849.938689 85.121 134.6216
856.097695 85.075 134.4619
862.301332 85.027 134.3165
868.549922 84.976 134.1927
874.843793 84.924 134.0982
881.183272 84.870 134.0400
887.568689 84.816 134.0234
894.000378 84.763 134.0511
900.478673 84.715 134.1224
907.003913 84.671 134.2335
913.576437 84.633 134.3769
920.196588 84.604 134.5433
926.864712 84.582 134.7216
933.581156 84.570 134.9010
940.346270 84.565 135.0716
947.160407 84.569 135.2253
954.023921 84.579 135.3566
960.937172 84.596 135.4623
967.900519 84.617 135.5416
974.914325 84.643 135.5958
981.978956 84.672 135.6270
989.094780 84.704 135.6379
996.262169 84.739 135.6309
1003.481495 84.777 135.6082
1010.753136 84.816 135.5713
1018.077470 84.858 135.5211
1025.454879 84.902 135.4580
1032.885748 84.948 135.3821
1040.370463 84.995 135.2933
1047.909417 85.043 135.1917
1055.503000 85.093 135.0777
1063.151610 85.143 134.9522
1070.855645 85.193 134.8166
1078.615506 85.243 134.6723
1086.431599 85.293 134.5211
1094.304330 85.342 134.3642
1102.234110 85.391 134.2030
1110.221353 85.439 134.0385
1118.266475 85.487 133.8717
1126.369895 85.534 133.7028
1134.532035 85.581 133.5315
1142.753322 85.627 133.3573
1151.034184 85.673 133.1794
1159.375052 85.718 132.9973
1167.776361 85.762 132.8109
1176.238550 85.805 132.6204
1184.762060 85.847 132.4264
1193.347334 85.888 132.2297
1201.994821 85.928 132.0312
1210.704971 85.966 131.8318
1219.478238 86.004 131.6318
1228.315080 86.042 131.4318
1237.215957 86.078 131.2317
1246.181334 86.114 131.0317
1255.211678 86.149 130.8319
1264.307459 86.183 130.6328
1273.469152 86.217 130.4345
1282.697235 86.250 130.2375
1291.992188 86.282 130.0424
1301.354495 86.314 129.8498
1310.784647 86.344 129.6605
1320.283132 86.374 129.4758
1329.850448 86.403 129.2968
1339.487093 86.432 129.1244
1349.193569 86.461 128.9593
1358.970381 86.490 128.8012
1368.818041 86.520 128.6496
1378.737061 86.551 128.5035
1388.727958 86.583 128.3615
1398.791253 86.617 128.2220
1408.927471 86.653 128.0826
1419.137140 86.690 127.9405
1429.420793 86.730 127.7930
1439.778965 86.771 127.6379
1450.212197 86.812 127.4745
1460.721033 86.853 127.3035
1471.306019 86.894 127.1274
1481.967709 86.934 126.9493
1492.706658 86.972 126.7733
1503.523426 87.008 126.6034
1514.418576 87.042 126.4442
1525.392678 87.074 126.3004
1536.446302 87.103 126.1760
1547.580025 87.131 126.0742
1558.794428 87.158 125.9962
1570.090095 87.183 125.9411
1581.467615 87.208 125.9062
1592.927581 87.232 125.8875
1604.470591 87.256 125.8802
1616.097246 87.279 125.8795
1627.808153 87.301 125.8806
1639.603922 87.321 125.8787
1651.485168 87.340 125.8702
1663.452510 87.357 125.8528
1675.506573 87.371 125.8252
1687.647984 87.381 125.7876
1699.877377 87.388 125.7414
1712.195390 87.391 125.6894
1724.602663 87.389 125.6357
1737.099845 87.382 125.5858
1749.687587 87.370 125.5459
1762.366544 87.354 125.5225
1775.137379 87.334 125.5210
1788.000756 87.312 125.5446
1800.957346 87.288 125.5945
1814.007826 87.263 125.6693
1827.152874 87.238 125.7662
1840.393177 87.214 125.8818
1853.729425 87.190 126.0121
1867.162312 87.167 126.1533
1880.692540 87.145 126.3011
1894.320813 87.123 126.4511
1908.047843 87.102 126.5985
1921.874344 87.081 126.7397
1935.801038 87.058 126.8723
1949.828650 87.034 126.9955
1963.957912 87.008 127.1097
1978.189561 86.979 127.2166
1992.524338 86.947 127.3187
2006.962991 86.911 127.4186
2021.506272 86.872 127.5198
2036.154940 86.830 127.6260
2050.909758 86.784 127.7419
2065.771495 86.736 127.8717
2080.740927 86.685 128.0195
2095.818833 86.634 128.1877
2111.006001 86.583 128.3770
2126.303220 86.533 128.5858
2141.711290 86.487 128.8104
2157.231013 86.444 129.0453
2172.863198 86.405 129.2832
2188.608660 86.371 129.5165
2204.468221 86.341 129.7380
2220.442706 86.316 129.9421
2236.532950 86.294 130.1259
2252.739789 86.274 130.2888
2269.064070 86.256 130.4319
2285.506644 86.240 130.5574
2302.068367 86.224 130.6684
2318.750104 86.209 130.7682
2335.552723 86.194 130.8607
2352.477101 86.180 130.9501
2369.524119 86.167 131.0399
2386.694668 86.154 131.1328
2403.989641 86.144 131.2310
2421.409941 86.136 131.3359
2438.956476 86.130 131.4484
2456.630160 86.128 131.5684
2474.431915 86.130 131.6945
2492.362668 86.137 131.8243
2510.423356 86.148 131.9545
2528.614918 86.165 132.0817
2546.938304 86.186 132.2026
2565.394469 86.212 132.3146
2583.984375 86.242 132.4164
2602.708991 86.275 132.5086
2621.569293 86.310 132.5943
2640.566265 86.348 132.6783
2659.700897 86.389 132.7667
2678.974186 86.431 132.8649
2698.387137 86.477 132.9768
2717.940763 86.527 133.1040
2737.636082 86.582 133.2449
2757.474121 86.642 133.3957
2777.455915 86.707 133.5513
2797.582506 86.777 133.7064
2817.854942 86.852 133.8558
2838.274281 86.932 133.9953
2858.841586 87.014 134.1209
2879.557931 87.099 134.2300
2900.424394 87.186 134.3211
2921.442065 87.272 134.3943
2942.612039 87.358 134.4516
2963.935418 87.442 134.4962
2985.413316 87.523 134.5321
3007.046852 87.602 134.5638
3028.837153 87.677 134.5946
3050.785356 87.750 134.6266
3072.892604 87.820 134.6594
3095.160050 87.886 134.6909
3117.588856 87.948 134.7178
3140.180190 88.007 134.7375
3162.935230 88.060 134.7484
3185.855163 88.107 134.7512
3208.941182 88.147 134.7482
3232.194493 88.179 134.7432
3255.616307 88.205 134.7399
3279.207844 88.224 134.7413
3302.970336 88.236 134.7487
3326.905021 88.243 134.7617
3351.013146 88.244 134.7783
3375.295969 88.240 134.7961
3399.754755 88.231 134.8125
3424.390779 88.218 134.8260
3449.205326 88.199 134.8370
3474.199690 88.176 134.8470
3499.375173 88.149 134.8596
3524.733088 88.118 134.8784
3550.274757 88.083 134.9068
3576.001511 88.047 134.9472
3601.914692 88.009 135.0003
3628.015651 87.971 135.0659
3654.305748 87.935 135.1426
3680.786354 87.900 135.2291
3707.458849 87.868 135.3241
3734.324624 87.839 135.4268
3761.385080 87.814 135.5373
3788.641627 87.793 135.6563
3816.095686 87.776 135.7854
3843.748688 87.763 135.9268
3871.602076 87.756 136.0830
3899.657300 87.754 136.2562
3927.915825 87.758 136.4486
3956.379122 87.769 136.6619
3985.048676 87.786 136.8979
4013.925981 87.810 137.1582
4043.012544 87.842 137.4444
4072.309879 87.881 137.7581
4101.819515 87.929 138.0997
4131.542990 87.986 138.4687
4161.481854 88.053 138.8624
4191.637667 88.130 139.2761
4222.012001 88.217 139.7028
4252.606441 88.317 140.1325
4283.422580 88.428 140.5529
4314.462026 88.550 140.9488
4345.726396 88.684 141.3032
4377.217321 88.828 141.5986
4408.936442 88.981 141.8173
4440.885413 89.141 141.9432
4473.065899 89.306 141.9617
4505.479579 89.474 141.8602
4538.128141 89.642 141.6281
4571.013288 89.808 141.2569
4604.136735 89.969 140.7418
4637.500207 90.121 140.0819
4671.105446 90.262 139.2809
4704.954201 90.390 138.3465
4739.048239 90.501 137.2892
4773.389336 90.595 136.1206
4807.979283 90.670 134.8527
4842.819883 90.726 133.4970
4877.912952 90.760 132.0654
4913.260320 90.773 130.5702
4948.863830 90.763 129.0245
4984.725337 90.729 127.4428
5020.846712 90.670 125.8408
5057.229836 90.587 124.2357
5093.876609 90.477 122.6459
5130.788938 90.342 121.0911
5167.968750 90.179 119.5931
5205.417982 89.991 118.1760
5243.138586 89.775 116.8665
5281.132530 89.534 115.6943
5319.401793 89.269 114.6910
5357.948371 88.982 113.8890
5396.774274 88.676 113.3193
5435.881525 88.357 113.0094
5475.272163 88.030 112.9807
5514.948243 87.703 113.2460
5554.911831 87.381 113.8070
5595.165012 87.075 114.6527
5635.709884 86.790 115.7576
5676.548561 86.534 117.0824
5717.683172 86.312 118.5756
5759.115861 86.128 120.1776
5800.848789 85.981 121.8263
5842.884130 85.871 123.4625
5885.224077 85.793 125.0344
5927.870837 85.742 126.5013
5970.826633 85.713 127.8341
6014.093704 85.698 129.0160
6057.674306 85.691 130.0414
6101.570711 85.684 130.9150
6145.785208 85.672 131.6501
6190.320101 85.649 132.2671
6235.177712 85.611 132.7918
6280.360380 85.554 133.2547
6325.870460 85.476 133.6902
6371.710325 85.375 134.1359
6417.882365 85.249 134.6318
6464.388986 85.101 135.2198
6511.232613 84.930 135.9420
6558.415689 84.741 136.8394
6605.940673 84.536 137.9495
6653.810042 84.323 139.3038
6702.026292 84.106 140.9254
6750.591937 83.895 142.8248
6799.509509 83.696 144.9964
6848.781558 83.519 147.4145
6898.410653 83.370 150.0311
6948.399380 83.258 152.7770
6998.750346 83.186 155.5657
7049.466176 83.157 158.3019
7100.549514 83.168 160.8915
7152.003023 83.217 163.2514
7203.829385 83.294 165.3167
7256.031302 83.393 167.0446
7308.611496 83.504 168.4147
7361.572708 83.616 169.4261
7414.917698 83.720 170.0940
7468.649249 83.808 170.4457
7522.770160 83.871 170.5175
7577.283253 83.903 170.3520
7632.191371 83.897 169.9979
7687.497376 83.850 169.5095
7743.204151 83.756 168.9487
7799.314600 83.614 168.3879
7855.831649 83.422 167.9146
7912.758244 83.180 167.6385
7970.097352 82.890 167.7017
8027.851962 82.558 168.2922
8086.025087 82.195 169.6613
8144.619758 81.818 172.1392
8203.639030 81.451 176.1328
8263.085980 81.125 -177.9435
8322.963708 80.874 -169.8867
8383.275334 80.731 -160.0844
8444.024002 80.715 -149.7149
8505.212881 80.829 -140.2492
8566.845160 81.055 -132.6195
8628.924051 81.366 -126.9762
8691.452792 81.732 -123.0147
8754.434642 82.126 -120.3158
8817.872884 82.528 -118.5073
8881.770826 82.925 -117.3038
8946.131799 83.312 -116.5007
9010.959157 83.686 -115.9577
9076.256282 84.047 -115.5832
9142.026576 84.399 -115.3221
9208.273470 84.744 -115.1467
9275.000415 85.086 -115.0501
9342.210891 85.426 -115.0408
9409.908403 85.765 -115.1378
9478.096478 86.105 -115.3672
9546.778672 86.443 -115.7582
9615.958566 86.777 -116.3399
9685.639765 87.102 -117.1383
9755.825904 87.415 -118.1739
9826.520640 87.707 -119.4598
9897.727659 87.974 -120.9997
9969.450674 88.206 -122.7868
10041.693423 88.398 -124.8036
10114.459673 88.543 -127.0207
10187.753217 88.634 -129.3984
10261.577877 88.666 -131.8870
10335.937500 88.637 -134.4298
10410.835964 88.545 -136.9654
10486.277173 88.391 -139.4321
10562.265060 88.177 -141.7707
10638.803587 87.909 -143.9287
10715.896743 87.591 -145.8625
10793.548548 87.233 -147.5402
10871.763050 86.842 -148.9434
10950.544327 86.429 -150.0695
11029.896485 86.003 -150.9337
11109.823662 85.577 -151.5698
11190.330024 85.159 -152.0306
11271.419768 84.761 -152.3859
11353.097122 84.390 -152.7184
11435.366344 84.049 -153.1159
11518.231722 83.740 -153.6631
11601.697577 83.457 -154.4321
11685.768261 83.192 -155.4741
11770.448155 82.933 -156.8141
11855.741674 82.667 -158.4494
11941.653265 82.378 -160.3515
12028.187408 82.055 -162.4716
12115.348612 81.688 -164.7500
12203.141422 81.273 -167.1254
12291.570415 80.808 -169.5449
12380.640201 80.295 -171.9703
12470.355424 79.737 -174.3821
12560.720760 79.141 -176.7798
12651.740920 78.513 -179.1813
12743.420650 77.862 178.3793
12835.764729 77.196 175.8532
12928.777972 76.525 173.1794
13022.465227 75.858 170.2869
13116.831378 75.203 167.0986
13211.881345 74.571 163.5378
13307.620084 73.968 159.5356
13404.052584 73.398 155.0418
13501.183875 72.864 150.0333
13599.019019 72.367 144.5229
13697.563116 71.906 138.5646
13796.821305 71.482 132.2529
13896.798760 71.097 125.7177
13997.500692 70.757 119.1107
14098.932352 70.469 112.5873
14201.099028 70.243 106.2856
14304.006046 70.090 100.3084
14407.658770 70.019 94.7137
14512.062604 70.035 89.5124
14617.222992 70.139 84.6740
14723.145416 70.323 80.1371
14829.835397 70.575 75.8226
14937.298497 70.880 71.6443
15045.540320 71.220 67.5204
15154.566507 71.578 63.3798
15264.382743 71.937 59.1672
15374.994752 72.286 54.8440
15486.408302 72.613 50.3867
15598.629201 72.911 45.7835
15711.663298 73.177 41.0301
15825.516487 73.406 36.1253
15940.194703 73.597 31.0682
16055.703925 73.748 25.8568
16172.050174 73.855 20.4894
16289.239516 73.914 14.9678
16407.278061 73.920 9.3005
16526.171961 73.866 3.5054
16645.927415 73.746 -2.3868
16766.550667 73.553 -8.3331
16888.048005 73.282 -14.2775
17010.425762 72.930 -20.1528
17133.690320 72.495 -25.8848
17257.848103 71.979 -31.3949
17382.905584 71.384 -36.6033
17508.869284 70.716 -41.4305
17635.745768 69.986 -45.7957
17763.541652 69.205 -49.6147
17892.263597 68.392 -52.8036
18021.918315 67.569 -55.2880
18152.512564 66.771 -57.0331
18284.053153 66.040 -58.0935
18416.546939 65.426 -58.6733
18550.000830 64.975 -59.1530
18684.421783 64.718 -60.0283
18819.816805 64.654 -61.7574
18956.192956 64.752 -64.5971
19093.557344 64.964 -68.5222
19231.917131 65.233 -73.2472
19371.279531 65.515 -78.3115
19511.651807 65.773 -83.1832
19653.041280 65.982 -87.3497
19795.455318 66.129 -90.3832
19938.901348 66.204 -91.9789
