* Measurement data measured by REW V5.31.3
* Source: EXCL: Headset (USB-C to 3.5mm Headphone Jack Adapter), MICROPHONE (Master Volume), 0, volume: 0.750
* Format: 256k Log Swept Sine, 1 sweep at -12.0 dBFS with no timing reference
* Dated: Apr 1, 2025 10:27:26 PM
* REW Settings:
*  C-weighting compensation: Off
*  Target level: 75.0 dB
* Note: ; 
* Measurement: HD6XX (Soulwit) L9
* Smoothing: 1/6 octave
* Frequency Step: 96 ppo
* Start Frequency: 20.0 Hz
*
* Freq(Hz) SPL(dB) Phase(degrees)
20.187378 82.729 -95.4946
20.333664 82.762 -95.5740
20.481010 82.805 -95.6804
20.629424 82.857 -95.8109
20.778913 82.918 -95.9623
20.929486 82.985 -96.1316
21.081150 83.059 -96.3164
21.233912 83.138 -96.5148
21.387782 83.221 -96.7257
21.542767 83.309 -96.9487
21.698874 83.402 -97.1840
21.856113 83.498 -97.4323
22.014492 83.598 -97.6948
22.174018 83.700 -97.9725
22.334700 83.805 -98.2664
22.496546 83.911 -98.5768
22.659566 84.016 -98.9034
22.823766 84.120 -99.2451
22.989157 84.221 -99.5997
23.155745 84.317 -99.9644
23.323542 84.407 -100.3355
23.492554 84.489 -100.7085
23.662790 84.563 -101.0790
23.834261 84.627 -101.4424
24.006973 84.682 -101.7946
24.180938 84.728 -102.1320
24.356163 84.765 -102.4522
24.532658 84.793 -102.7540
24.710431 84.815 -103.0379
24.889493 84.830 -103.3057
25.069853 84.842 -103.5611
25.251519 84.851 -103.8094
25.434502 84.860 -104.0566
25.618811 84.869 -104.3099
25.804456 84.880 -104.5760
25.991445 84.894 -104.8613
26.179790 84.911 -105.1705
26.369500 84.931 -105.5062
26.560584 84.954 -105.8689
26.753053 84.981 -106.2561
26.946917 85.009 -106.6634
27.142185 85.039 -107.0843
27.338869 85.071 -107.5112
27.536977 85.104 -107.9366
27.736522 85.138 -108.3536
27.937512 85.174 -108.7569
28.139959 85.211 -109.1435
28.343872 85.250 -109.5127
28.549264 85.291 -109.8664
28.756143 85.333 -110.2083
28.964522 85.378 -110.5431
29.174411 85.423 -110.8759
29.385821 85.470 -111.2112
29.598763 85.517 -111.5520
29.813248 85.564 -111.8996
30.029287 85.611 -112.2533
30.246891 85.657 -112.6110
30.466073 85.704 -112.9694
30.686842 85.752 -113.3246
30.909212 85.802 -113.6731
31.133193 85.855 -114.0124
31.358797 85.911 -114.3411
31.586035 85.971 -114.6592
31.814921 86.036 -114.9680
32.045465 86.106 -115.2697
32.277680 86.181 -115.5667
32.511577 86.259 -115.8618
32.747169 86.342 -116.1572
32.984469 86.427 -116.4546
33.223488 86.515 -116.7555
33.464239 86.605 -117.0612
33.706735 86.697 -117.3730
33.950987 86.792 -117.6924
34.197010 86.889 -118.0209
34.444816 86.988 -118.3600
34.694417 87.089 -118.7104
34.945827 87.190 -119.0718
35.199059 87.293 -119.4425
35.454126 87.394 -119.8192
35.711041 87.495 -120.1974
35.969818 87.594 -120.5719
36.230470 87.690 -120.9381
36.493011 87.783 -121.2920
36.757455 87.873 -121.6316
37.023814 87.961 -121.9566
37.292104 88.046 -122.2685
37.562338 88.128 -122.5699
37.834530 88.208 -122.8636
38.108695 88.286 -123.1524
38.384846 88.363 -123.4383
38.662999 88.438 -123.7225
38.943167 88.513 -124.0058
39.225365 88.587 -124.2890
39.509608 88.661 -124.5730
39.795911 88.736 -124.8589
40.084289 88.810 -125.1479
40.374756 88.883 -125.4411
40.667328 88.955 -125.7390
40.962020 89.024 -126.0409
41.258848 89.090 -126.3456
41.557827 89.151 -126.6511
41.858972 89.209 -126.9554
42.162299 89.261 -127.2568
42.467824 89.310 -127.5544
42.775564 89.356 -127.8484
43.085533 89.399 -128.1402
43.397749 89.440 -128.4323
43.712227 89.480 -128.7276
44.028983 89.518 -129.0288
44.348036 89.555 -129.3383
44.669400 89.592 -129.6569
44.993093 89.627 -129.9842
45.319131 89.661 -130.3184
45.647532 89.693 -130.6567
45.978313 89.724 -130.9958
46.311491 89.753 -131.3329
46.647083 89.783 -131.6660
46.985107 89.812 -131.9943
47.325581 89.843 -132.3179
47.668521 89.876 -132.6380
48.013947 89.911 -132.9558
48.361876 89.948 -133.2720
48.712326 89.988 -133.5866
49.065315 90.029 -133.8989
49.420863 90.071 -134.2075
49.778987 90.112 -134.5108
50.139706 90.153 -134.8080
50.503039 90.193 -135.0992
50.869005 90.230 -135.3851
51.237623 90.265 -135.6678
51.608912 90.297 -135.9494
51.982891 90.327 -136.2323
52.359580 90.356 -136.5185
52.739000 90.382 -136.8094
53.121168 90.408 -137.1054
53.506106 90.432 -137.4062
53.893833 90.455 -137.7107
54.284370 90.477 -138.0171
54.677737 90.497 -138.3238
55.073955 90.517 -138.6296
55.473043 90.536 -138.9339
55.875024 90.555 -139.2371
56.279917 90.575 -139.5401
56.687745 90.597 -139.8444
57.098527 90.622 -140.1510
57.512287 90.649 -140.4608
57.929045 90.679 -140.7741
58.348822 90.711 -141.0910
58.771642 90.744 -141.4113
59.197525 90.778 -141.7340
59.626495 90.811 -142.0577
60.058573 90.843 -142.3801
60.493782 90.874 -142.6991
60.932145 90.904 -143.0129
61.373685 90.935 -143.3207
61.818424 90.968 -143.6227
62.266386 91.002 -143.9197
62.717593 91.040 -144.2128
63.172071 91.080 -144.5032
63.629842 91.124 -144.7923
64.090930 91.169 -145.0816
64.555359 91.217 -145.3730
65.023154 91.266 -145.6683
65.494339 91.316 -145.9685
65.968938 91.366 -146.2742
66.446976 91.416 -146.5849
66.928478 91.467 -146.8997
67.413469 91.518 -147.2174
67.901975 91.568 -147.5369
68.394021 91.618 -147.8573
68.889632 91.668 -148.1783
69.388835 91.716 -148.4994
69.891655 91.763 -148.8208
70.398118 91.808 -149.1423
70.908252 91.850 -149.4643
71.422083 91.890 -149.7870
71.939636 91.927 -150.1106
72.460941 91.961 -150.4350
72.986023 91.993 -150.7599
73.514909 92.022 -151.0846
74.047629 92.047 -151.4083
74.584208 92.070 -151.7303
75.124676 92.090 -152.0499
75.669061 92.108 -152.3669
76.217390 92.124 -152.6812
76.769692 92.137 -152.9933
77.325997 92.149 -153.3036
77.886333 92.159 -153.6128
78.450730 92.167 -153.9219
79.019216 92.174 -154.2316
79.591822 92.179 -154.5424
80.168577 92.183 -154.8544
80.749512 92.187 -155.1676
81.334656 92.189 -155.4816
81.924040 92.191 -155.7960
82.517696 92.193 -156.1103
83.115653 92.194 -156.4239
83.717943 92.195 -156.7361
84.324598 92.196 -157.0462
84.935649 92.197 -157.3536
85.551128 92.197 -157.6576
86.171066 92.197 -157.9576
86.795497 92.197 -158.2533
87.424453 92.197 -158.5447
88.057967 92.197 -158.8322
88.696071 92.196 -159.1164
89.338800 92.194 -159.3985
89.986185 92.192 -159.6800
90.638262 92.190 -159.9621
91.295065 92.187 -160.2460
91.956626 92.183 -160.5324
92.622982 92.180 -160.8215
93.294166 92.176 -161.1126
93.970214 92.172 -161.4051
94.651161 92.168 -161.6980
95.337042 92.164 -161.9905
96.027894 92.160 -162.2820
96.723752 92.156 -162.5719
97.424652 92.153 -162.8596
98.130631 92.151 -163.1448
98.841726 92.149 -163.4272
99.557974 92.147 -163.7067
100.279412 92.146 -163.9834
101.006078 92.146 -164.2573
101.738010 92.147 -164.5287
102.475245 92.148 -164.7975
103.217823 92.150 -165.0641
103.965782 92.153 -165.3289
104.719161 92.157 -165.5923
105.477999 92.161 -165.8550
106.242336 92.167 -166.1172
107.012212 92.174 -166.3790
107.787666 92.182 -166.6404
108.568740 92.190 -166.9012
109.355474 92.199 -167.1615
110.147909 92.208 -167.4215
110.946086 92.218 -167.6814
111.750047 92.227 -167.9411
112.559834 92.237 -168.2003
113.375489 92.247 -168.4588
114.197055 92.258 -168.7162
115.024574 92.268 -168.9722
115.858089 92.278 -169.2267
116.697645 92.288 -169.4796
117.543284 92.298 -169.7309
118.395051 92.308 -169.9807
119.252990 92.317 -170.2290
120.117147 92.326 -170.4761
120.987565 92.334 -170.7216
121.864291 92.342 -170.9654
122.747370 92.348 -171.2072
123.636848 92.354 -171.4466
124.532771 92.360 -171.6835
125.435187 92.365 -171.9180
126.344142 92.369 -172.1502
127.259684 92.373 -172.3801
128.181860 92.376 -172.6081
129.110718 92.379 -172.8344
130.046308 92.381 -173.0593
130.988677 92.383 -173.2829
131.937875 92.383 -173.5054
132.893951 92.381 -173.7269
133.856956 92.379 -173.9477
134.826938 92.375 -174.1678
135.803950 92.370 -174.3871
136.788041 92.364 -174.6053
137.779264 92.356 -174.8220
138.777669 92.347 -175.0369
139.783309 92.338 -175.2500
140.796237 92.327 -175.4613
141.816504 92.315 -175.6711
142.844165 92.302 -175.8796
143.879273 92.288 -176.0871
144.921881 92.273 -176.2937
145.972045 92.258 -176.4991
147.029819 92.241 -176.7031
148.095257 92.224 -176.9054
149.168417 92.207 -177.1056
150.249353 92.189 -177.3038
151.338121 92.170 -177.4998
152.434780 92.151 -177.6939
153.539385 92.132 -177.8862
154.651995 92.113 -178.0771
155.772667 92.094 -178.2667
156.901460 92.075 -178.4555
158.038432 92.056 -178.6437
159.183644 92.038 -178.8315
160.337154 92.020 -179.0190
161.499023 92.002 -179.2059
162.669312 91.984 -179.3920
163.848081 91.967 -179.5771
165.035392 91.950 -179.7612
166.231306 91.933 -179.9444
167.435887 91.915 179.8733
168.649196 91.898 179.6917
169.871298 91.881 179.5106
171.102255 91.863 179.3303
172.342133 91.845 179.1507
173.590995 91.828 178.9720
174.848907 91.810 178.7944
176.115934 91.792 178.6181
177.392143 91.773 178.4433
178.677599 91.754 178.2704
179.972371 91.735 178.1002
181.276525 91.716 177.9330
182.590129 91.696 177.7687
183.913252 91.676 177.6069
185.245964 91.656 177.4473
186.588332 91.635 177.2891
187.940428 91.614 177.1318
189.302322 91.593 176.9752
190.674085 91.571 176.8191
192.055788 91.549 176.6639
193.447503 91.526 176.5101
194.849303 91.503 176.3585
196.261262 91.479 176.2102
197.683452 91.455 176.0660
199.115948 91.430 175.9265
200.558824 91.404 175.7917
202.012156 91.378 175.6613
203.476019 91.352 175.5344
204.950490 91.325 175.4101
206.435646 91.298 175.2877
207.931564 91.271 175.1666
209.438322 91.244 175.0469
210.955998 91.218 174.9287
212.484672 91.192 174.8127
214.024424 91.168 174.6992
215.575333 91.144 174.5887
217.137481 91.122 174.4814
218.710948 91.100 174.3772
220.295818 91.080 174.2757
221.892172 91.060 174.1761
223.500094 91.042 174.0774
225.119668 91.025 173.9785
226.750978 91.009 173.8787
228.394109 90.995 173.7777
230.049147 90.981 173.6757
231.716178 90.969 173.5732
233.395289 90.958 173.4712
235.086567 90.948 173.3705
236.790102 90.939 173.2717
238.505980 90.931 173.1753
240.234293 90.924 173.0815
241.975130 90.917 172.9904
243.728581 90.911 172.9016
245.494739 90.905 172.8147
247.273695 90.900 172.7291
249.065542 90.895 172.6440
250.870374 90.890 172.5591
252.688284 90.886 172.4742
254.519367 90.883 172.3893
256.363720 90.880 172.3047
258.221437 90.877 172.2208
260.092616 90.874 172.1375
261.977354 90.871 172.0546
263.875750 90.868 171.9719
265.787903 90.865 171.8891
267.713911 90.861 171.8060
269.653877 90.857 171.7228
271.607900 90.852 171.6401
273.576083 90.847 171.5585
275.558528 90.842 171.4792
277.555338 90.836 171.4029
279.566619 90.830 171.3306
281.592474 90.825 171.2628
283.633009 90.819 171.1994
285.688331 90.813 171.1403
287.758546 90.807 171.0851
289.843763 90.801 171.0335
291.944090 90.796 170.9851
294.059638 90.791 170.9397
296.190515 90.786 170.8967
298.336833 90.782 170.8557
300.498705 90.779 170.8164
302.676243 90.777 170.7785
304.869559 90.775 170.7418
307.078770 90.773 170.7062
309.303989 90.772 170.6715
311.545334 90.772 170.6378
313.802919 90.772 170.6054
316.076865 90.772 170.5742
318.367288 90.773 170.5446
320.674309 90.773 170.5167
322.998047 90.774 170.4905
325.338624 90.775 170.4662
327.696162 90.775 170.4439
330.070783 90.775 170.4238
332.462612 90.774 170.4061
334.871773 90.773 170.3909
337.298392 90.771 170.3785
339.742595 90.768 170.3687
342.204510 90.764 170.3611
344.684265 90.759 170.3553
347.181989 90.752 170.3508
349.697813 90.745 170.3471
352.231868 90.736 170.3443
354.784285 90.727 170.3422
357.355198 90.716 170.3411
359.944741 90.704 170.3409
362.553049 90.692 170.3417
365.180258 90.678 170.3434
367.826505 90.664 170.3460
370.491927 90.650 170.3491
373.176665 90.635 170.3526
375.880856 90.620 170.3563
378.604644 90.604 170.3602
381.348169 90.588 170.3644
384.111575 90.573 170.3690
386.895006 90.557 170.3741
389.698607 90.541 170.3801
392.522524 90.525 170.3872
395.366904 90.508 170.3957
398.231895 90.492 170.4059
401.117648 90.475 170.4179
404.024312 90.458 170.4318
406.952038 90.440 170.4474
409.900981 90.421 170.4645
412.871292 90.402 170.4827
415.863128 90.381 170.5017
418.876643 90.360 170.5213
421.911996 90.337 170.5414
424.969344 90.313 170.5623
428.048847 90.288 170.5842
431.150666 90.261 170.6078
434.274961 90.232 170.6331
437.421897 90.202 170.6605
440.591636 90.170 170.6901
443.784345 90.137 170.7220
447.000189 90.102 170.7562
450.239337 90.066 170.7927
453.501956 90.030 170.8314
456.788219 89.993 170.8724
460.098294 89.956 170.9157
463.432356 89.920 170.9610
466.790578 89.884 171.0082
470.173135 89.850 171.0568
473.580203 89.816 171.1066
477.011961 89.783 171.1570
480.468586 89.751 171.2077
483.950259 89.721 171.2583
487.457163 89.691 171.3085
490.989478 89.663 171.3581
494.547390 89.636 171.4070
498.131084 89.610 171.4556
501.740748 89.584 171.5037
505.376568 89.561 171.5517
509.038735 89.538 171.5995
512.727439 89.518 171.6474
516.442874 89.499 171.6951
520.185232 89.482 171.7424
523.954708 89.467 171.7891
527.751500 89.454 171.8348
531.575805 89.443 171.8793
535.427822 89.435 171.9225
539.307753 89.428 171.9649
543.215800 89.423 172.0070
547.152165 89.419 172.0497
551.117055 89.417 172.0942
555.110677 89.416 172.1417
559.133237 89.416 172.1935
563.184947 89.417 172.2505
567.266018 89.420 172.3138
571.376661 89.424 172.3841
575.517092 89.428 172.4615
579.687526 89.434 172.5463
583.888181 89.441 172.6382
588.119275 89.449 172.7365
592.381030 89.458 172.8402
596.673667 89.468 172.9483
600.997410 89.478 173.0591
605.352485 89.489 173.1711
609.739119 89.500 173.2824
614.157540 89.512 173.3917
618.607979 89.523 173.4977
623.090667 89.533 173.5999
627.605839 89.543 173.6981
632.153730 89.552 173.7924
636.734576 89.561 173.8831
641.348617 89.568 173.9705
645.996094 89.574 174.0548
650.677248 89.580 174.1359
655.392323 89.584 174.2134
660.141566 89.587 174.2873
664.925224 89.588 174.3572
669.743546 89.589 174.4233
674.596784 89.588 174.4861
679.485191 89.586 174.5464
684.409020 89.582 174.6050
689.368530 89.577 174.6630
694.363979 89.571 174.7213
699.395626 89.563 174.7805
704.463736 89.555 174.8409
709.568570 89.545 174.9025
714.710396 89.535 174.9653
719.889483 89.524 175.0287
725.106099 89.512 175.0922
730.360516 89.499 175.1552
735.653010 89.486 175.2171
740.983855 89.471 175.2770
746.353329 89.455 175.3344
751.761713 89.438 175.3890
757.209288 89.419 175.4406
762.696339 89.400 175.4892
768.223151 89.379 175.5350
773.790013 89.358 175.5779
779.397214 89.335 175.6172
785.045047 89.312 175.6518
790.733808 89.288 175.6801
796.463791 89.264 175.7006
802.235296 89.239 175.7115
808.048623 89.213 175.7119
813.904077 89.186 175.7014
819.801961 89.157 175.6812
825.742584 89.126 175.6534
831.726255 89.092 175.6221
837.753287 89.055 175.5926
843.823992 89.015 175.5715
849.938689 88.972 175.5667
856.097695 88.925 175.5868
862.301332 88.877 175.6401
868.549922 88.828 175.7342
874.843793 88.779 175.8740
881.183272 88.732 176.0614
887.568689 88.689 176.2940
894.000378 88.652 176.5656
900.478673 88.622 176.8666
907.003913 88.600 177.1853
913.576437 88.587 177.5098
920.196588 88.582 177.8289
926.864712 88.585 178.1332
933.581156 88.595 178.4162
940.346270 88.612 178.6735
947.160407 88.633 178.9031
954.023921 88.659 179.1046
960.937172 88.689 179.2788
967.900519 88.722 179.4273
974.914325 88.758 179.5516
981.978956 88.796 179.6534
989.094780 88.836 179.7343
996.262169 88.879 179.7953
1003.481495 88.923 179.8383
1010.753136 88.968 179.8645
1018.077470 89.014 179.8762
1025.454879 89.061 179.8755
1032.885748 89.108 179.8647
1040.370463 89.156 179.8461
1047.909417 89.204 179.8214
1055.503000 89.253 179.7921
1063.151610 89.302 179.7590
1070.855645 89.351 179.7226
1078.615506 89.401 179.6832
1086.431599 89.450 179.6409
1094.304330 89.500 179.5960
1102.234110 89.548 179.5487
1110.221353 89.597 179.4995
1118.266475 89.644 179.4491
1126.369895 89.692 179.3979
1134.532035 89.738 179.3458
1142.753322 89.784 179.2924
1151.034184 89.829 179.2367
1159.375052 89.873 179.1777
1167.776361 89.917 179.1146
1176.238550 89.959 179.0472
1184.762060 90.000 178.9761
1193.347334 90.040 178.9025
1201.994821 90.078 178.8282
1210.704971 90.115 178.7552
1219.478238 90.150 178.6855
1228.315080 90.185 178.6205
1237.215957 90.220 178.5610
1246.181334 90.254 178.5069
1255.211678 90.289 178.4574
1264.307459 90.323 178.4108
1273.469152 90.359 178.3654
1282.697235 90.394 178.3197
1291.992188 90.430 178.2726
1301.354495 90.466 178.2238
1310.784647 90.501 178.1731
1320.283132 90.536 178.1201
1329.850448 90.571 178.0644
1339.487093 90.606 178.0053
1349.193569 90.640 177.9423
1358.970381 90.673 177.8756
1368.818041 90.706 177.8057
1378.737061 90.737 177.7335
1388.727958 90.768 177.6599
1398.791253 90.799 177.5856
1408.927471 90.829 177.5111
1419.137140 90.858 177.4376
1429.420793 90.886 177.3665
1439.778965 90.914 177.2999
1450.212197 90.941 177.2402
1460.721033 90.967 177.1903
1471.306019 90.992 177.1533
1481.967709 91.017 177.1323
1492.706658 91.041 177.1299
1503.523426 91.065 177.1481
1514.418576 91.089 177.1876
1525.392678 91.112 177.2480
1536.446302 91.136 177.3281
1547.580025 91.159 177.4258
1558.794428 91.182 177.5396
1570.090095 91.203 177.6682
1581.467615 91.224 177.8109
1592.927581 91.242 177.9671
1604.470591 91.259 178.1364
1616.097246 91.273 178.3190
1627.808153 91.285 178.5159
1639.603922 91.294 178.7282
1651.485168 91.302 178.9568
1663.452510 91.309 179.2014
1675.506573 91.315 179.4596
1687.647984 91.322 179.7269
1699.877377 91.329 179.9974
1712.195390 91.336 -179.7354
1724.602663 91.344 -179.4775
1737.099845 91.351 -179.2332
1749.687587 91.358 -179.0046
1762.366544 91.361 -178.7905
1775.137379 91.362 -178.5868
1788.000756 91.359 -178.3868
1800.957346 91.353 -178.1827
1814.007826 91.342 -177.9667
1827.152874 91.329 -177.7319
1840.393177 91.313 -177.4734
1853.729425 91.296 -177.1891
1867.162312 91.278 -176.8797
1880.692540 91.261 -176.5492
1894.320813 91.246 -176.2038
1908.047843 91.232 -175.8506
1921.874344 91.219 -175.4971
1935.801038 91.208 -175.1494
1949.828650 91.196 -174.8120
1963.957912 91.185 -174.4873
1978.189561 91.173 -174.1767
1992.524338 91.160 -173.8811
2006.962991 91.146 -173.6010
2021.506272 91.129 -173.3362
2036.154940 91.110 -173.0856
2050.909758 91.089 -172.8460
2065.771495 91.065 -172.6135
2080.740927 91.038 -172.3830
2095.818833 91.008 -172.1499
2111.006001 90.977 -171.9100
2126.303220 90.944 -171.6604
2141.711290 90.911 -171.3992
2157.231013 90.878 -171.1256
2172.863198 90.847 -170.8401
2188.608660 90.818 -170.5447
2204.468221 90.792 -170.2423
2220.442706 90.769 -169.9365
2236.532950 90.750 -169.6312
2252.739789 90.734 -169.3297
2269.064070 90.722 -169.0355
2285.506644 90.714 -168.7515
2302.068367 90.709 -168.4798
2318.750104 90.708 -168.2218
2335.552723 90.709 -167.9778
2352.477101 90.713 -167.7476
2369.524119 90.719 -167.5305
2386.694668 90.727 -167.3252
2403.989641 90.737 -167.1295
2421.409941 90.749 -166.9409
2438.956476 90.764 -166.7558
2456.630160 90.781 -166.5713
2474.431915 90.801 -166.3847
2492.362668 90.824 -166.1944
2510.423356 90.852 -165.9999
2528.614918 90.884 -165.8022
2546.938304 90.922 -165.6032
2565.394469 90.965 -165.4055
2583.984375 91.013 -165.2122
2602.708991 91.068 -165.0259
2621.569293 91.127 -164.8481
2640.566265 91.191 -164.6795
2659.700897 91.260 -164.5193
2678.974186 91.334 -164.3666
2698.387137 91.412 -164.2202
2717.940763 91.494 -164.0804
2737.636082 91.581 -163.9486
2757.474121 91.673 -163.8269
2777.455915 91.770 -163.7181
2797.582506 91.870 -163.6250
2817.854942 91.974 -163.5497
2838.274281 92.080 -163.4942
2858.841586 92.189 -163.4595
2879.557931 92.299 -163.4470
2900.424394 92.411 -163.4577
2921.442065 92.522 -163.4928
2942.612039 92.632 -163.5532
2963.935418 92.740 -163.6389
2985.413316 92.846 -163.7494
3007.046852 92.948 -163.8829
3028.837153 93.045 -164.0376
3050.785356 93.136 -164.2110
3072.892604 93.222 -164.4005
3095.160050 93.301 -164.6034
3117.588856 93.372 -164.8172
3140.180190 93.436 -165.0395
3162.935230 93.492 -165.2677
3185.855163 93.540 -165.4997
3208.941182 93.580 -165.7333
3232.194493 93.611 -165.9669
3255.616307 93.635 -166.1994
3279.207844 93.650 -166.4301
3302.970336 93.657 -166.6590
3326.905021 93.656 -166.8857
3351.013146 93.647 -167.1094
3375.295969 93.631 -167.3284
3399.754755 93.606 -167.5404
3424.390779 93.575 -167.7424
3449.205326 93.536 -167.9317
3474.199690 93.492 -168.1056
3499.375173 93.443 -168.2621
3524.733088 93.389 -168.4000
3550.274757 93.332 -168.5185
3576.001511 93.273 -168.6176
3601.914692 93.213 -168.6970
3628.015651 93.153 -168.7570
3654.305748 93.093 -168.7974
3680.786354 93.035 -168.8183
3707.458849 92.979 -168.8195
3734.324624 92.927 -168.8009
3761.385080 92.878 -168.7620
3788.641627 92.834 -168.7019
3816.095686 92.795 -168.6192
3843.748688 92.762 -168.5125
3871.602076 92.737 -168.3806
3899.657300 92.718 -168.2229
3927.915825 92.709 -168.0395
3956.379122 92.708 -167.8312
3985.048676 92.716 -167.5995
4013.925981 92.735 -167.3465
4043.012544 92.764 -167.0745
4072.309879 92.804 -166.7862
4101.819515 92.854 -166.4851
4131.542990 92.914 -166.1752
4161.481854 92.986 -165.8616
4191.637667 93.068 -165.5508
4222.012001 93.160 -165.2503
4252.606441 93.263 -164.9691
4283.422580 93.375 -164.7177
4314.462026 93.496 -164.5070
4345.726396 93.624 -164.3487
4377.217321 93.759 -164.2543
4408.936442 93.899 -164.2345
4440.885413 94.043 -164.2986
4473.065899 94.188 -164.4544
4505.479579 94.333 -164.7078
4538.128141 94.477 -165.0628
4571.013288 94.617 -165.5220
4604.136735 94.752 -166.0863
4637.500207 94.881 -166.7553
4671.105446 95.003 -167.5275
4704.954201 95.116 -168.4005
4739.048239 95.219 -169.3708
4773.389336 95.311 -170.4345
4807.979283 95.392 -171.5869
4842.819883 95.459 -172.8228
4877.912952 95.514 -174.1365
4913.260320 95.554 -175.5217
4948.863830 95.578 -176.9714
4984.725337 95.587 -178.4776
5020.846712 95.577 179.9690
5057.229836 95.550 178.3795
5093.876609 95.503 176.7661
5130.788938 95.435 175.1432
5167.968750 95.346 173.5269
5205.417982 95.234 171.9353
5243.138586 95.101 170.3887
5281.132530 94.944 168.9091
5319.401793 94.766 167.5193
5357.948371 94.567 166.2427
5396.774274 94.349 165.1020
5435.881525 94.114 164.1184
5475.272163 93.866 163.3112
5514.948243 93.607 162.6962
5554.911831 93.343 162.2859
5595.165012 93.077 162.0882
5635.709884 92.815 162.1057
5676.548561 92.561 162.3353
5717.683172 92.319 162.7668
5759.115861 92.096 163.3832
5800.848789 91.894 164.1606
5842.884130 91.716 165.0692
5885.224077 91.565 166.0752
5927.870837 91.440 167.1428
5970.826633 91.342 168.2360
6014.093704 91.268 169.3217
6057.674306 91.216 170.3705
6101.570711 91.182 171.3595
6145.785208 91.161 172.2719
6190.320101 91.150 173.0982
6235.177712 91.145 173.8360
6280.360380 91.141 174.4888
6325.870460 91.135 175.0655
6371.710325 91.125 175.5790
6417.882365 91.108 176.0453
6464.388986 91.083 176.4821
6511.232613 91.050 176.9079
6558.415689 91.008 177.3414
6605.940673 90.959 177.8005
6653.810042 90.904 178.3011
6702.026292 90.846 178.8571
6750.591937 90.787 179.4780
6799.509509 90.732 -179.8319
6848.781558 90.684 -179.0751
6898.410653 90.648 -178.2630
6948.399380 90.629 -177.4163
6998.750346 90.630 -176.5655
7049.466176 90.654 -175.7499
7100.549514 90.704 -175.0150
7152.003023 90.777 -174.4091
7203.829385 90.874 -173.9784
7256.031302 90.988 -173.7633
7308.611496 91.115 -173.7958
7361.572708 91.249 -174.0977
7414.917698 91.382 -174.6808
7468.649249 91.508 -175.5473
7522.770160 91.619 -176.6914
7577.283253 91.709 -178.1003
7632.191371 91.771 -179.7552
7687.497376 91.799 178.3677
7743.204151 91.789 176.2973
7799.314600 91.734 174.0666
7855.831649 91.632 171.7136
7912.758244 91.477 169.2816
7970.097352 91.266 166.8198
8027.851962 90.997 164.3848
8086.025087 90.667 162.0427
8144.619758 90.275 159.8721
8203.639030 89.822 157.9687
8263.085980 89.308 156.4525
8322.963708 88.738 155.4789
8383.275334 88.120 155.2544
8444.024002 87.464 156.0588
8505.212881 86.788 158.2702
8566.845160 86.118 162.3718
8628.924051 85.489 168.8749
8691.452792 84.941 178.0210
8754.434642 84.517 -170.7719
8817.872884 84.253 -159.1509
8881.770826 84.163 -148.9684
8946.131799 84.238 -141.1607
9010.959157 84.451 -135.6884
9076.256282 84.763 -132.0933
9142.026576 85.138 -129.8887
9208.273470 85.545 -128.6883
9275.000415 85.962 -128.2141
9342.210891 86.373 -128.2736
9409.908403 86.770 -128.7352
9478.096478 87.148 -129.5096
9546.778672 87.502 -130.5363
9615.958566 87.833 -131.7747
9685.639765 88.138 -133.1971
9755.825904 88.416 -134.7846
9826.520640 88.668 -136.5230
9897.727659 88.892 -138.4005
9969.450674 89.087 -140.4058
10041.693423 89.251 -142.5267
10114.459673 89.385 -144.7497
10187.753217 89.486 -147.0597
10261.577877 89.554 -149.4405
10335.937500 89.590 -151.8750
10410.835964 89.592 -154.3463
10486.277173 89.562 -156.8376
10562.265060 89.500 -159.3332
10638.803587 89.407 -161.8185
10715.896743 89.284 -164.2804
10793.548548 89.133 -166.7073
10871.763050 88.955 -169.0892
10950.544327 88.751 -171.4175
11029.896485 88.524 -173.6854
11109.823662 88.275 -175.8869
11190.330024 88.005 -178.0177
11271.419768 87.716 179.9263
11353.097122 87.409 177.9492
11435.366344 87.086 176.0552
11518.231722 86.746 174.2504
11601.697577 86.392 172.5427
11685.768261 86.025 170.9416
11770.448155 85.647 169.4574
11855.741674 85.262 168.0986
11941.653265 84.874 166.8680
12028.187408 84.489 165.7588
12115.348612 84.117 164.7520
12203.141422 83.764 163.8145
12291.570415 83.441 162.8993
12380.640201 83.154 161.9477
12470.355424 82.911 160.8928
12560.720760 82.714 159.6640
12651.740920 82.564 158.1929
12743.420650 82.455 156.4190
12835.764729 82.379 154.2953
12928.777972 82.327 151.7916
13022.465227 82.285 148.8965
13116.831378 82.243 145.6149
13211.881345 82.191 141.9656
13307.620084 82.123 137.9749
13404.052584 82.036 133.6703
13501.183875 81.930 129.0754
13599.019019 81.810 124.2040
13697.563116 81.679 119.0590
13796.821305 81.541 113.6327
13896.798760 81.402 107.9087
13997.500692 81.260 101.8672
14098.932352 81.115 95.4895
14201.099028 80.961 88.7634
14304.006046 80.791 81.6877
14407.658770 80.593 74.2760
14512.062604 80.359 66.5591
14617.222992 80.078 58.5842
14723.145416 79.742 50.4142
14829.835397 79.346 42.1250
14937.298497 78.887 33.8031
15045.540320 78.362 25.5447
15154.566507 77.772 17.4559
15264.382743 77.119 9.6543
15374.994752 76.406 2.2715
15486.408302 75.640 -4.5475
15598.629201 74.826 -10.6483
15711.663298 73.976 -15.8816
15825.516487 73.104 -20.1348
15940.194703 72.231 -23.3841
16055.703925 71.383 -25.7568
16172.050174 70.591 -27.5620
16289.239516 69.891 -29.2408
16407.278061 69.312 -31.2379
16526.171961 68.876 -33.8695
16645.927415 68.590 -37.2734
16766.550667 68.445 -41.4412
16888.048005 68.427 -46.2826
17010.425762 68.518 -51.6808
17133.690320 68.703 -57.5256
17257.848103 68.972 -63.7283
17382.905584 69.317 -70.2280
17508.869284 69.733 -76.9945
17635.745768 70.211 -84.0289
17763.541652 70.741 -91.3643
17892.263597 71.305 -99.0634
18021.918315 71.884 -107.2126
18152.512564 72.454 -115.9137
18284.053153 72.993 -125.2725
18416.546939 73.482 -135.3871
18550.000830 73.902 -146.3405
18684.421783 74.240 -158.1849
18819.816805 74.486 -170.9190
18956.192956 74.636 175.5578
19093.557344 74.691 161.5184
19231.917131 74.660 147.4773
19371.279531 74.559 134.1899
19511.651807 74.414 122.5169
19653.041280 74.258 113.2164
19795.455318 74.127 106.8018
19938.901348 74.052 103.5428
