* Measurement data measured by REW V5.31.3
* Source: EXCL: Headset (USB-C to 3.5mm Headphone Jack Adapter), MICROPHONE (Master Volume), 0, volume: 0.260
* Format: 256k Log Swept Sine, 1 sweep at -12.0 dBFS with no timing reference
* Dated: Feb 14, 2025 8:24:38 PM
* REW Settings:
*  C-weighting compensation: Off
*  Target level: 75.0 dB
* Note: ; 
* Measurement: Satyr 3 L6
* Smoothing: 1/6 octave
* Frequency Step: 96 ppo
* Start Frequency: 20.0 Hz
*
* Freq(Hz) SPL(dB) Phase(degrees)
20.141602 91.815 -24.0533
20.287556 91.831 -24.2872
20.434568 91.852 -24.6007
20.582645 91.874 -24.9852
20.731796 91.893 -25.4313
20.882027 91.909 -25.9294
21.033346 91.917 -26.4700
21.185763 91.919 -27.0442
21.339284 91.912 -27.6439
21.493917 91.898 -28.2620
21.649671 91.876 -28.8921
21.806553 91.850 -29.5291
21.964572 91.819 -30.1687
22.123737 91.787 -30.8078
22.284054 91.755 -31.4444
22.445534 91.726 -32.0773
22.608183 91.700 -32.7062
22.772012 91.681 -33.3317
22.937027 91.668 -33.9546
23.103238 91.664 -34.5764
23.270654 91.670 -35.1984
23.439282 91.685 -35.8221
23.609133 91.710 -36.4487
23.780215 91.746 -37.0794
23.952536 91.794 -37.7150
24.126106 91.852 -38.3558
24.300934 91.921 -39.0021
24.477028 92.000 -39.6538
24.654399 92.088 -40.3106
24.833055 92.185 -40.9720
25.013005 92.288 -41.6373
25.194260 92.396 -42.3057
25.376828 92.508 -42.9763
25.560719 92.620 -43.6481
25.745942 92.733 -44.3201
25.932508 92.844 -44.9913
26.120426 92.951 -45.6608
26.309705 93.054 -46.3281
26.500356 93.152 -46.9927
26.692388 93.244 -47.6548
26.885812 93.330 -48.3146
27.080638 93.410 -48.9730
27.276876 93.484 -49.6310
27.474535 93.554 -50.2897
27.673627 93.621 -50.9505
27.874161 93.687 -51.6143
28.076149 93.753 -52.2820
28.279600 93.824 -52.9540
28.484526 93.901 -53.6303
28.690937 93.988 -54.3105
28.898843 94.088 -54.9937
29.108256 94.203 -55.6788
29.319186 94.334 -56.3646
29.531645 94.482 -57.0499
29.745644 94.645 -57.7337
29.961193 94.821 -58.4151
30.178304 95.006 -59.0935
30.396989 95.197 -59.7686
30.617258 95.388 -60.4403
30.839123 95.575 -61.1087
31.062596 95.751 -61.7743
31.287688 95.912 -62.4374
31.514412 96.053 -63.0988
31.742778 96.171 -63.7592
31.972800 96.263 -64.4195
32.204488 96.327 -65.0802
32.437855 96.363 -65.7420
32.672913 96.369 -66.4052
32.909674 96.347 -67.0696
33.148151 96.299 -67.7346
33.388356 96.226 -68.3990
33.630302 96.133 -69.0613
33.874001 96.023 -69.7201
34.119466 95.901 -70.3735
34.366710 95.769 -71.0204
34.615745 95.634 -71.6598
34.866585 95.499 -72.2917
35.119243 95.369 -72.9165
35.373731 95.248 -73.5351
35.630064 95.138 -74.1490
35.888254 95.043 -74.7598
36.148315 94.966 -75.3690
36.410261 94.907 -75.9775
36.674104 94.870 -76.5862
36.939860 94.854 -77.1952
37.207542 94.861 -77.8041
37.477163 94.891 -78.4123
37.748738 94.944 -79.0189
38.022281 95.019 -79.6229
38.297806 95.117 -80.2240
38.575327 95.237 -80.8220
38.854860 95.378 -81.4178
39.136419 95.538 -82.0125
39.420017 95.717 -82.6078
39.705671 95.913 -83.2057
39.993395 96.124 -83.8078
40.283203 96.350 -84.4155
40.575112 96.589 -85.0294
40.869136 96.839 -85.6494
41.165290 97.099 -86.2751
41.463591 97.366 -86.9053
41.764053 97.640 -87.5393
42.066693 97.919 -88.1761
42.371525 98.199 -88.8152
42.678567 98.480 -89.4566
42.987834 98.758 -90.1006
43.299341 99.032 -90.7477
43.613106 99.298 -91.3988
43.929145 99.554 -92.0548
44.247473 99.798 -92.7167
44.568109 100.029 -93.3853
44.891068 100.244 -94.0615
45.216367 100.443 -94.7459
45.544023 100.625 -95.4390
45.874054 100.789 -96.1407
46.206476 100.936 -96.8507
46.541307 101.064 -97.5682
46.878565 101.175 -98.2922
47.218266 101.269 -99.0212
47.560429 101.346 -99.7536
47.905072 101.407 -100.4879
48.252212 101.455 -101.2230
48.601867 101.488 -101.9580
48.954056 101.511 -102.6927
49.308798 101.523 -103.4274
49.666109 101.526 -104.1625
50.026010 101.523 -104.8986
50.388520 101.516 -105.6361
50.753656 101.506 -106.3752
51.121437 101.494 -107.1157
51.491884 101.483 -107.8575
51.865016 101.473 -108.6001
52.240851 101.465 -109.3434
52.619410 101.460 -110.0877
53.000712 101.458 -110.8335
53.384777 101.458 -111.5814
53.771625 101.460 -112.3322
54.161276 101.464 -113.0864
54.553751 101.469 -113.8442
54.949070 101.473 -114.6054
55.347254 101.477 -115.3696
55.748323 101.480 -116.1358
56.152298 101.480 -116.9032
56.559201 101.477 -117.6709
56.969052 101.470 -118.4380
57.381873 101.460 -119.2039
57.797686 101.446 -119.9679
58.216512 101.429 -120.7292
58.638373 101.409 -121.4869
59.063291 101.385 -122.2395
59.491288 101.360 -122.9861
59.922386 101.331 -123.7259
60.356608 101.301 -124.4590
60.793977 101.269 -125.1867
61.234515 101.236 -125.9107
61.678246 101.201 -126.6332
62.125192 101.166 -127.3559
62.575377 101.130 -128.0799
63.028824 101.095 -128.8056
63.485557 101.059 -129.5323
63.945599 101.024 -130.2592
64.408975 100.990 -130.9849
64.875709 100.958 -131.7082
65.345825 100.926 -132.4282
65.819348 100.897 -133.1442
66.296302 100.869 -133.8557
66.776713 100.843 -134.5626
67.260604 100.819 -135.2647
67.748002 100.797 -135.9620
68.238932 100.777 -136.6543
68.733420 100.758 -137.3413
69.231490 100.742 -138.0227
69.733170 100.727 -138.6982
70.238485 100.713 -139.3674
70.747463 100.700 -140.0302
71.260128 100.688 -140.6866
71.776508 100.677 -141.3365
72.296630 100.667 -141.9801
72.820521 100.658 -142.6177
73.348209 100.649 -143.2496
73.879720 100.641 -143.8762
74.415083 100.633 -144.4982
74.954326 100.625 -145.1157
75.497475 100.616 -145.7292
76.044561 100.607 -146.3386
76.595612 100.597 -146.9439
77.150655 100.585 -147.5449
77.709720 100.571 -148.1413
78.272837 100.555 -148.7329
78.840034 100.535 -149.3194
79.411342 100.511 -149.9005
79.986789 100.483 -150.4762
80.566406 100.451 -151.0463
81.150224 100.415 -151.6105
81.738272 100.375 -152.1688
82.330581 100.332 -152.7211
82.927182 100.286 -153.2674
83.528107 100.239 -153.8078
84.133386 100.193 -154.3421
84.743051 100.149 -154.8706
85.357134 100.111 -155.3931
85.975667 100.081 -155.9095
86.598682 100.063 -156.4200
87.226212 100.061 -156.9247
87.858289 100.078 -157.4238
88.494946 100.116 -157.9175
89.136217 100.177 -158.4060
89.782135 100.263 -158.8892
90.432733 100.373 -159.3671
91.088046 100.504 -159.8396
91.748108 100.654 -160.3063
92.412952 100.817 -160.7672
93.082615 100.989 -161.2220
93.757130 101.164 -161.6705
94.436533 101.336 -162.1127
95.120859 101.502 -162.5484
95.810144 101.655 -162.9776
96.504423 101.794 -163.4002
97.203734 101.917 -163.8165
97.908112 102.021 -164.2264
98.617595 102.109 -164.6301
99.332219 102.179 -165.0280
100.052021 102.235 -165.4202
100.777039 102.277 -165.8069
101.507311 102.308 -166.1884
102.242875 102.331 -166.5646
102.983769 102.347 -166.9355
103.730032 102.358 -167.3011
104.481702 102.363 -167.6613
105.238820 102.365 -168.0157
106.001424 102.361 -168.3646
106.769554 102.351 -168.7080
107.543250 102.333 -169.0463
108.322553 102.306 -169.3801
109.107503 102.268 -169.7097
109.898141 102.217 -170.0358
110.694508 102.154 -170.3586
111.496646 102.076 -170.6781
112.304596 101.986 -170.9943
113.118402 101.883 -171.3072
113.938104 101.770 -171.6169
114.763747 101.648 -171.9234
115.595372 101.519 -172.2271
116.433024 101.386 -172.5281
117.276746 101.251 -172.8262
118.126581 101.116 -173.1215
118.982575 100.982 -173.4135
119.844772 100.850 -173.7023
120.713217 100.722 -173.9877
121.587954 100.596 -174.2699
122.469031 100.472 -174.5491
123.356492 100.349 -174.8255
124.250384 100.226 -175.0992
125.150753 100.101 -175.3703
126.057647 99.973 -175.6387
126.971113 99.840 -175.9041
127.891198 99.702 -176.1662
128.817950 99.557 -176.4245
129.751418 99.405 -176.6789
130.691651 99.247 -176.9288
131.638696 99.083 -177.1739
132.592604 98.914 -177.4135
133.553425 98.743 -177.6467
134.521208 98.572 -177.8727
135.496004 98.404 -178.0901
136.477864 98.242 -178.2981
137.466839 98.090 -178.4955
138.462981 97.952 -178.6816
139.466340 97.829 -178.8561
140.476971 97.725 -179.0189
141.494925 97.639 -179.1703
142.520256 97.573 -179.3110
143.553016 97.523 -179.4419
144.593260 97.488 -179.5641
145.641043 97.464 -179.6787
146.696418 97.448 -179.7867
147.759441 97.434 -179.8890
148.830166 97.421 -179.9858
149.908651 97.403 179.9226
150.994951 97.380 179.8366
152.089123 97.350 179.7567
153.191223 97.312 179.6840
154.301310 97.267 179.6195
155.419441 97.216 179.5650
156.545674 97.161 179.5221
157.680069 97.103 179.4925
158.822683 97.045 179.4780
159.973578 96.988 179.4800
161.132813 96.933 179.4999
162.300447 96.882 179.5385
163.476543 96.836 179.5965
164.661162 96.796 179.6736
165.854364 96.761 179.7689
167.056213 96.734 179.8810
168.266772 96.714 -179.9926
169.486102 96.703 -179.8545
170.714268 96.699 -179.7085
171.951334 96.705 -179.5582
173.197364 96.720 -179.4079
174.452424 96.744 -179.2617
175.716578 96.776 -179.1237
176.989893 96.815 -178.9977
178.272434 96.861 -178.8870
179.564270 96.911 -178.7945
180.865467 96.963 -178.7222
182.176092 97.017 -178.6715
183.496216 97.071 -178.6432
184.825905 97.122 -178.6373
186.165229 97.171 -178.6532
187.514259 97.217 -178.6899
188.873065 97.259 -178.7461
190.241717 97.298 -178.8201
191.620287 97.333 -178.9101
193.008847 97.367 -179.0143
194.407468 97.398 -179.1306
195.816225 97.427 -179.2571
197.235190 97.454 -179.3919
198.664438 97.479 -179.5330
200.104042 97.502 -179.6788
201.554078 97.522 -179.8279
203.014622 97.539 -179.9789
204.485750 97.552 179.8692
205.967538 97.561 179.7173
207.460064 97.566 179.5661
208.963405 97.567 179.4162
210.477640 97.563 179.2679
212.002848 97.555 179.1218
213.539108 97.543 178.9783
215.086500 97.528 178.8377
216.645105 97.511 178.7004
218.215005 97.491 178.5667
219.796281 97.468 178.4366
221.389015 97.444 178.3101
222.993292 97.416 178.1871
224.609193 97.384 178.0675
226.236804 97.349 177.9511
227.876209 97.309 177.8380
229.527494 97.264 177.7281
231.190745 97.214 177.6213
232.866048 97.158 177.5176
234.553491 97.097 177.4168
236.253163 97.031 177.3188
237.965150 96.961 177.2233
239.689544 96.889 177.1304
241.426433 96.815 177.0398
243.175909 96.739 176.9515
244.938062 96.664 176.8656
246.712984 96.589 176.7820
248.500768 96.517 176.7008
250.301507 96.447 176.6219
252.115295 96.381 176.5456
253.942226 96.318 176.4717
255.782396 96.260 176.4002
257.635901 96.208 176.3310
259.502837 96.161 176.2638
261.383301 96.120 176.1985
263.277392 96.085 176.1348
265.185209 96.057 176.0728
267.106850 96.036 176.0122
269.042417 96.021 175.9532
270.992009 96.012 175.8956
272.955729 96.008 175.8395
274.933678 96.009 175.7850
276.925961 96.013 175.7320
278.932681 96.022 175.6807
280.953942 96.033 175.6309
282.989850 96.047 175.5826
285.040511 96.063 175.5360
287.106032 96.083 175.4909
289.186521 96.106 175.4474
291.282086 96.133 175.4056
293.392836 96.166 175.3654
295.518881 96.204 175.3268
297.660333 96.248 175.2899
299.817302 96.298 175.2545
301.989902 96.353 175.2207
304.178245 96.411 175.1883
306.382446 96.472 175.1572
308.602620 96.533 175.1272
310.838882 96.592 175.0983
313.091348 96.648 175.0704
315.360137 96.700 175.0434
317.645367 96.745 175.0173
319.947156 96.783 174.9918
322.265625 96.813 174.9669
324.600895 96.834 174.9427
326.953086 96.845 174.9190
329.322323 96.846 174.8958
331.708729 96.837 174.8732
334.112427 96.818 174.8513
336.533543 96.788 174.8301
338.972204 96.749 174.8097
341.428536 96.700 174.7903
343.902668 96.643 174.7720
346.394729 96.579 174.7549
348.904848 96.510 174.7389
351.433156 96.437 174.7241
353.979786 96.362 174.7102
356.544869 96.290 174.6974
359.128540 96.221 174.6853
361.730934 96.159 174.6740
364.352185 96.107 174.6634
366.992431 96.067 174.6532
369.651810 96.043 174.6433
372.330459 96.035 174.6335
375.028519 96.046 174.6235
377.746130 96.074 174.6133
380.483434 96.119 174.6027
383.240574 96.180 174.5919
386.017693 96.255 174.5808
388.814937 96.341 174.5697
391.632450 96.435 174.5585
394.470380 96.534 174.5474
397.328875 96.637 174.5364
400.208084 96.739 174.5257
403.108157 96.841 174.5152
406.029245 96.940 174.5052
408.971500 97.037 174.4960
411.935076 97.129 174.4878
414.920127 97.219 174.4812
417.926810 97.306 174.4765
420.955280 97.391 174.4739
424.005695 97.476 174.4737
427.078215 97.560 174.4758
430.173000 97.644 174.4801
433.290211 97.729 174.4863
436.430010 97.814 174.4941
439.592562 97.899 174.5031
442.778031 97.983 174.5129
445.986583 98.065 174.5233
449.218386 98.142 174.5338
452.473607 98.214 174.5445
455.752418 98.278 174.5554
459.054987 98.334 174.5665
462.381489 98.380 174.5783
465.732096 98.416 174.5910
469.106983 98.442 174.6048
472.506325 98.457 174.6201
475.930301 98.463 174.6371
479.379088 98.460 174.6560
482.852867 98.450 174.6768
486.351817 98.433 174.6996
489.876123 98.410 174.7247
493.425968 98.383 174.7519
497.001536 98.353 174.7812
500.603014 98.319 174.8126
504.230589 98.283 174.8454
507.884452 98.245 174.8793
511.564792 98.204 174.9134
515.271802 98.162 174.9471
519.005673 98.117 174.9797
522.766602 98.073 175.0107
526.554785 98.029 175.0397
530.370418 97.987 175.0663
534.213700 97.949 175.0903
538.084833 97.916 175.1118
541.984018 97.892 175.1307
545.911457 97.876 175.1472
549.867357 97.869 175.1616
553.851922 97.872 175.1739
557.865362 97.884 175.1843
561.907884 97.904 175.1929
565.979700 97.929 175.1997
570.081022 97.959 175.2048
574.212064 97.990 175.2083
578.373042 98.021 175.2103
582.564171 98.049 175.2107
586.785671 98.074 175.2091
591.037762 98.093 175.2052
595.320665 98.107 175.1985
599.634604 98.114 175.1890
603.979804 98.115 175.1767
608.356491 98.109 175.1619
612.764893 98.096 175.1451
617.205240 98.078 175.1265
621.677763 98.056 175.1065
626.182696 98.031 175.0850
630.720274 98.006 175.0615
635.290733 97.981 175.0355
639.894312 97.959 175.0059
644.531250 97.942 174.9721
649.201789 97.930 174.9337
653.906173 97.926 174.8901
658.644647 97.930 174.8416
663.417457 97.940 174.7881
668.224854 97.958 174.7298
673.067086 97.981 174.6671
677.944408 98.009 174.5999
682.857073 98.039 174.5278
687.805336 98.071 174.4506
692.789457 98.102 174.3673
697.809695 98.131 174.2775
702.866312 98.156 174.1808
707.959571 98.178 174.0772
713.089738 98.195 173.9672
718.257080 98.206 173.8513
723.461867 98.213 173.7303
728.704370 98.215 173.6051
733.984862 98.213 173.4762
739.303619 98.208 173.3439
744.660918 98.200 173.2083
750.057038 98.191 173.0693
755.492260 98.180 172.9266
760.966869 98.168 172.7800
766.481148 98.155 172.6292
772.035387 98.141 172.4735
777.629873 98.125 172.3128
783.264900 98.106 172.1468
788.940760 98.084 171.9756
794.657750 98.057 171.7994
800.416168 98.024 171.6182
806.216313 97.986 171.4320
812.058489 97.941 171.2406
817.943000 97.890 171.0436
823.870152 97.831 170.8409
829.840255 97.767 170.6324
835.853619 97.697 170.4180
841.910559 97.622 170.1978
848.011390 97.543 169.9719
854.156430 97.461 169.7400
860.346000 97.378 169.5019
866.580422 97.294 169.2573
872.860020 97.211 169.0059
879.185124 97.129 168.7476
885.556062 97.050 168.4822
891.973166 96.975 168.2097
898.436771 96.905 167.9299
904.947215 96.841 167.6429
911.504835 96.783 167.3486
918.109975 96.732 167.0475
924.762978 96.690 166.7405
931.464192 96.655 166.4286
938.213966 96.629 166.1133
945.012651 96.611 165.7955
951.860602 96.600 165.4763
958.758176 96.597 165.1560
965.705733 96.600 164.8351
972.703635 96.609 164.5144
979.752246 96.622 164.1950
986.851935 96.640 163.8785
994.003071 96.661 163.5666
1001.206027 96.686 163.2602
1008.461179 96.714 162.9597
1015.768904 96.747 162.6639
1023.129584 96.785 162.3706
1030.543603 96.828 162.0767
1038.011347 96.878 161.7794
1045.533205 96.934 161.4764
1053.109569 96.996 161.1668
1060.740836 97.064 160.8506
1068.427401 97.138 160.5287
1076.169666 97.217 160.2023
1083.968035 97.299 159.8727
1091.822915 97.384 159.5408
1099.734713 97.469 159.2067
1107.703844 97.553 158.8704
1115.730723 97.633 158.5316
1123.815768 97.709 158.1902
1131.959400 97.777 157.8472
1140.162045 97.838 157.5039
1148.424129 97.889 157.1625
1156.746083 97.932 156.8256
1165.128342 97.966 156.4954
1173.571343 97.993 156.1738
1182.075524 98.014 155.8622
1190.641331 98.030 155.5614
1199.269209 98.042 155.2719
1207.959608 98.052 154.9939
1216.712981 98.061 154.7279
1225.529785 98.068 154.4742
1234.410479 98.075 154.2332
1243.355526 98.080 154.0054
1252.365393 98.085 153.7917
1261.440549 98.087 153.5928
1270.581467 98.087 153.4092
1279.788624 98.084 153.2406
1289.062500 98.078 153.0862
1298.403578 98.069 152.9444
1307.812346 98.057 152.8135
1317.289293 98.042 152.6919
1326.834914 98.024 152.5786
1336.449707 98.002 152.4731
1346.134173 97.978 152.3752
1355.888816 97.951 152.2846
1365.714145 97.922 152.2007
1375.610673 97.889 152.1230
1385.578915 97.854 152.0515
1395.619391 97.816 151.9872
1405.732624 97.774 151.9319
1415.919142 97.730 151.8881
1426.179476 97.682 151.8577
1436.514160 97.632 151.8429
1446.923734 97.581 151.8448
1457.408740 97.530 151.8642
1467.969724 97.480 151.9014
1478.607238 97.431 151.9560
1489.321836 97.385 152.0273
1500.114076 97.343 152.1141
1510.984521 97.306 152.2151
1521.933737 97.272 152.3291
1532.962297 97.243 152.4548
1544.070773 97.218 152.5909
1555.259747 97.197 152.7362
1566.529800 97.179 152.8890
1577.881521 97.163 153.0486
1589.315501 97.148 153.2157
1600.832336 97.134 153.3927
1612.432627 97.119 153.5834
1624.116978 97.104 153.7921
1635.886000 97.089 154.0222
1647.740304 97.074 154.2762
1659.680509 97.060 154.5546
1671.707238 97.049 154.8558
1683.821118 97.040 155.1767
1696.022780 97.035 155.5128
1708.312860 97.034 155.8590
1720.692000 97.038 156.2107
1733.160843 97.045 156.5637
1745.720041 97.056 156.9152
1758.370248 97.070 157.2632
1771.112124 97.086 157.6075
1783.946332 97.103 157.9501
1796.873543 97.121 158.2948
1809.894429 97.138 158.6462
1823.009670 97.155 159.0082
1836.219950 97.173 159.3824
1849.525956 97.192 159.7683
1862.928384 97.211 160.1638
1876.427931 97.232 160.5663
1890.025301 97.256 160.9731
1903.721204 97.282 161.3810
1917.516352 97.310 161.7869
1931.411466 97.340 162.1877
1945.407270 97.373 162.5820
1959.504493 97.406 162.9693
1973.703870 97.440 163.3493
1988.006142 97.473 163.7202
2002.412054 97.506 164.0786
2016.922357 97.537 164.4203
2031.537808 97.565 164.7409
2046.259169 97.589 165.0370
2061.087206 97.607 165.3060
2076.022694 97.620 165.5463
2091.066410 97.627 165.7575
2106.219139 97.628 165.9399
2121.481671 97.623 166.0945
2136.854802 97.613 166.2222
2152.339333 97.599 166.3228
2167.936071 97.582 166.3952
2183.645829 97.564 166.4377
2199.469427 97.546 166.4486
2215.407689 97.527 166.4276
2231.461446 97.509 166.3753
2247.631536 97.491 166.2942
2263.918800 97.473 166.1873
2280.324089 97.456 166.0585
2296.848258 97.439 165.9117
2313.492167 97.422 165.7509
2330.256685 97.405 165.5790
2347.142685 97.388 165.3983
2364.151049 97.371 165.2102
2381.282662 97.354 165.0148
2398.538418 97.337 164.8116
2415.919216 97.320 164.5995
2433.425962 97.303 164.3769
2451.059570 97.287 164.1418
2468.820958 97.271 163.8927
2486.711052 97.254 163.6282
2504.730786 97.239 163.3474
2522.881098 97.223 163.0493
2541.162934 97.207 162.7333
2559.577248 97.192 162.3997
2578.125000 97.177 162.0492
2596.807157 97.163 161.6841
2615.624692 97.149 161.3077
2634.578586 97.135 160.9249
2653.669829 97.122 160.5418
2672.899414 97.110 160.1662
2692.268345 97.098 159.8068
2711.777632 97.088 159.4727
2731.428290 97.079 159.1733
2751.221345 97.071 158.9175
2771.157829 97.065 158.7131
2791.238781 97.061 158.5668
2811.465248 97.057 158.4837
2831.838284 97.054 158.4676
2852.358952 97.051 158.5208
2873.028321 97.048 158.6446
2893.847468 97.043 158.8390
2914.817480 97.037 159.1033
2935.939449 97.028 159.4358
2957.214476 97.016 159.8338
2978.643672 97.002 160.2937
3000.228152 96.986 160.8108
3021.969041 96.969 161.3792
3043.867475 96.950 161.9911
3065.924593 96.932 162.6372
3088.141547 96.916 163.3058
3110.519493 96.902 163.9838
3133.059600 96.892 164.6564
3155.763041 96.886 165.3086
3178.631001 96.883 165.9266
3201.664672 96.884 166.4991
3224.865254 96.887 167.0192
3248.233957 96.891 167.4854
3271.771999 96.893 167.9016
3295.480608 96.894 168.2774
3319.361019 96.891 168.6265
3343.414477 96.884 168.9658
3367.642236 96.875 169.3133
3392.045560 96.864 169.6856
3416.625721 96.854 170.0958
3441.383999 96.850 170.5506
3466.321686 96.853 171.0494
3491.440082 96.870 171.5828
3516.740496 96.902 172.1334
3542.224247 96.953 172.6766
3567.892664 97.023 173.1833
3593.747085 97.114 173.6232
3619.788858 97.223 173.9672
3646.019340 97.347 174.1910
3672.439900 97.483 174.2772
3699.051913 97.625 174.2159
3725.856768 97.768 174.0060
3752.855862 97.909 173.6534
3780.050603 98.042 173.1702
3807.442408 98.164 172.5729
3835.032705 98.273 171.8812
3862.822933 98.366 171.1157
3890.814540 98.441 170.2980
3919.008986 98.498 169.4492
3947.407741 98.537 168.5896
3976.012284 98.556 167.7381
4004.824108 98.558 166.9121
4033.844715 98.542 166.1270
4063.075616 98.510 165.3965
4092.518337 98.462 164.7324
4122.174412 98.400 164.1445
4152.045387 98.325 163.6418
4182.132820 98.238 163.2317
4212.438278 98.141 162.9201
4242.963342 98.035 162.7122
4273.709604 97.922 162.6120
4304.678665 97.803 162.6224
4335.872141 97.679 162.7457
4367.291658 97.552 162.9828
4398.938854 97.423 163.3334
4430.815378 97.292 163.7957
4462.922893 97.162 164.3667
4495.263072 97.033 165.0421
4527.837601 96.905 165.8169
4560.648179 96.779 166.6858
4593.696515 96.656 167.6432
4626.984334 96.535 168.6843
4660.513370 96.419 169.8047
4694.285371 96.307 171.0011
4728.302098 96.200 172.2704
4762.565324 96.102 173.6099
4797.076835 96.012 175.0165
4831.838432 95.934 176.4865
4866.851925 95.870 178.0146
4902.119140 95.822 179.5943
4937.641916 95.794 -178.7832
4973.422105 95.786 -177.1282
5009.461572 95.803 -175.4526
5045.762195 95.845 -173.7699
5082.325868 95.913 -172.0947
5119.154496 96.009 -170.4429
5156.250000 96.133 -168.8314
5193.614313 96.284 -167.2776
5231.249383 96.462 -165.7998
5269.157173 96.665 -164.4159
5307.339658 96.893 -163.1441
5345.798829 97.142 -162.0014
5384.536691 97.410 -161.0037
5423.555263 97.695 -160.1655
5462.856580 97.995 -159.4991
5502.442691 98.305 -159.0150
5542.315659 98.624 -158.7210
5582.477563 98.949 -158.6228
5622.930497 99.276 -158.7234
5663.676569 99.604 -159.0230
5704.717904 99.928 -159.5194
5746.056642 100.247 -160.2072
5787.694937 100.558 -161.0785
5829.634960 100.857 -162.1225
5871.878898 101.143 -163.3262
5914.428953 101.412 -164.6741
5957.287343 101.663 -166.1489
6000.456303 101.893 -167.7316
6043.938083 102.100 -169.4022
6087.734950 102.282 -171.1396
6131.849187 102.437 -172.9223
6176.283094 102.566 -174.7290
6221.038987 102.666 -176.5381
6266.119200 102.738 -178.3289
6311.526083 102.782 179.9185
6357.262002 102.798 178.2231
6403.329344 102.787 176.6024
6449.730508 102.752 175.0718
6496.467914 102.694 173.6449
6543.543998 102.616 172.3325
6590.961215 102.524 171.1424
6638.722037 102.419 170.0789
6686.828954 102.309 169.1418
6735.284473 102.198 168.3261
6784.091120 102.093 167.6210
6833.251441 102.001 167.0099
6882.767998 101.926 166.4702
6932.643372 101.875 165.9744
6982.880164 101.854 165.4900
7033.480992 101.864 164.9816
7084.448495 101.910 164.4113
7135.785329 101.990 163.7405
7187.494171 102.103 162.9312
7239.577717 102.246 161.9473
7292.038681 102.414 160.7559
7344.879799 102.601 159.3286
7398.103826 102.799 157.6422
7451.713536 103.000 155.6789
7505.711724 103.196 153.4263
7560.101205 103.378 150.8781
7614.884815 103.537 148.0335
7670.065409 103.665 144.8987
7725.645865 103.752 141.4867
7781.629080 103.792 137.8184
7838.017972 103.777 133.9224
7894.815481 103.700 129.8340
7952.024569 103.556 125.5944
8009.648217 103.344 121.2465
8067.689429 103.062 116.8329
8126.151233 102.709 112.3904
8185.036674 102.290 107.9474
8244.348824 101.807 103.5201
8304.090774 101.265 99.1097
8364.265639 100.671 94.7017
8424.876556 100.030 90.2628
8485.926684 99.351 85.7403
8547.419207 98.639 81.0586
8609.357330 97.905 76.1162
8671.744282 97.158 70.7802
8734.583316 96.409 64.8784
8797.877707 95.671 58.1894
8861.630756 94.961 50.4332
8925.845785 94.296 41.2734
8990.526143 93.697 30.3631
9055.675202 93.188 17.4929
9121.296357 92.789 2.8707
9187.393031 92.516 -12.6416
9253.968668 92.377 -27.7444
9321.026740 92.368 -41.3624
9388.570742 92.476 -53.0702
9456.604196 92.679 -62.9724
9525.130648 92.950 -71.3982
9594.153671 93.264 -78.7013
9663.676863 93.597 -85.1823
9733.703850 93.928 -91.0735
9804.238280 94.240 -96.5469
9875.283832 94.517 -101.7238
9946.844210 94.747 -106.6837
10018.923143 94.921 -111.4712
10091.524390 95.031 -116.1008
10164.651736 95.071 -120.5614
10238.308993 95.038 -124.8217
10312.500000 94.933 -128.8366
10387.228626 94.760 -132.5553
10462.498767 94.525 -135.9294
10538.314345 94.241 -138.9207
10614.679315 93.919 -141.5084
10691.597657 93.575 -143.6929
10769.073381 93.225 -145.4983
10847.110526 92.884 -146.9719
10925.713161 92.567 -148.1808
11004.885382 92.285 -149.2075
11084.631318 92.045 -150.1432
11164.955126 91.850 -151.0813
11245.860993 91.698 -152.1115
11327.353138 91.583 -153.3141
11409.435808 91.494 -154.7556
11492.113283 91.421 -156.4844
11575.389873 91.349 -158.5283
11659.269920 91.263 -160.8931
11743.757796 91.150 -163.5623
11828.857906 90.998 -166.5002
11914.574686 90.797 -169.6552
12000.912606 90.540 -172.9647
12087.876166 90.221 -176.3581
12175.469900 89.839 -179.7590
12263.698373 89.392 176.9172
12352.566187 88.880 173.7676
12442.077974 88.302 170.9077
12532.238400 87.661 168.4785
12623.052165 86.961 166.6500
12714.524005 86.207 165.6187
12806.658687 85.409 165.5881
12899.461015 84.580 166.7253
12992.935827 83.740 169.0791
13087.087996 82.911 172.4802
13181.922430 82.122 176.4845
13277.444074 81.400 -179.5468
13373.657907 80.772 -176.2341
13470.568945 80.256 -173.9786
13568.182241 79.864 -172.9055
13666.502883 79.597 -172.9237
13765.535996 79.450 -173.8004
13865.286744 79.415 -175.1663
13965.760328 79.477 -176.3310
14066.961984 79.623 -175.2238
14168.896989 79.836 -156.9024
14271.570658 80.096 -49.6660
14374.988342 80.380 -35.3090
14479.155433 80.665 -36.1542
14584.077362 80.930 -39.8483
14689.759598 81.155 -44.5685
14796.207652 81.328 -49.7349
14903.427072 81.438 -55.0723
15011.423448 81.485 -60.4158
15120.202410 81.470 -65.6575
15229.769630 81.403 -70.7303
15340.130819 81.298 -75.6047
15451.291730 81.169 -80.2842
15563.258160 81.033 -84.8009
15676.035944 80.901 -89.2074
15789.630962 80.782 -93.5673
15904.049137 80.676 -97.9479
16019.296433 80.577 -102.4105
16135.378859 80.474 -107.0004
16252.302465 80.350 -111.7376
16370.073348 80.186 -116.6099
16488.697648 79.966 -121.5721
16608.181548 79.676 -126.5514
16728.531278 79.307 -131.4556
16849.753112 78.855 -136.1828
16971.853368 78.318 -140.6301
17094.838414 77.700 -144.7034
17218.714660 77.007 -148.3274
17343.488565 76.248 -151.4583
17469.166632 75.432 -154.0932
17595.755415 74.574 -156.2769
17723.261512 73.687 -158.0984
17851.691571 72.785 -159.6771
17981.052287 71.884 -161.1392
18111.350404 70.997 -162.5898
18242.592715 70.138 -164.0908
18374.786062 69.317 -165.6476
18507.937336 68.548 -167.2113
18642.053479 67.843 -168.6934
18777.141484 67.219 -169.9918
18913.208391 66.692 -171.0284
19050.261296 66.278 -171.7881
19188.307342 65.983 -172.3408
19327.353727 65.802 -172.8224
19467.407699 65.715 -173.3654
19608.476560 65.693 -174.0205
19750.567664 65.707 -174.7243
19893.688419 65.731 -175.3312
20037.846286 65.747 -175.6841
