* Measurement data measured by REW V5.31.3
* Source: EXCL: Headset (USB-C to 3.5mm Headphone Jack Adapter), MICROPHONE (Master Volume), 0, volume: 0.750
* Format: 256k Log Swept Sine, 1 sweep at -12.0 dBFS with no timing reference
* Dated: Apr 7, 2025 4:35:53 PM
* REW Settings:
*  C-weighting compensation: Off
*  Target level: 75.0 dB
* Note: ; 
* Measurement: Satyr 3 (Centered) L7
* Smoothing: 1/6 octave
* Frequency Step: 96 ppo
* Start Frequency: 20.0 Hz
*
* Freq(Hz) SPL(dB) Phase(degrees)
20.187378 78.754 -93.3464
20.333664 78.797 -93.5209
20.481010 78.853 -93.7548
20.629424 78.922 -94.0415
20.778913 79.001 -94.3732
20.929486 79.088 -94.7408
21.081150 79.181 -95.1348
21.233912 79.279 -95.5456
21.387782 79.380 -95.9643
21.542767 79.483 -96.3828
21.698874 79.588 -96.7947
21.856113 79.694 -97.1958
22.014492 79.799 -97.5839
22.174018 79.905 -97.9591
22.334700 80.009 -98.3238
22.496546 80.112 -98.6817
22.659566 80.211 -99.0376
22.823766 80.307 -99.3968
22.989157 80.398 -99.7642
23.155745 80.483 -100.1436
23.323542 80.560 -100.5378
23.492554 80.630 -100.9480
23.662790 80.692 -101.3741
23.834261 80.745 -101.8144
24.006973 80.791 -102.2668
24.180938 80.829 -102.7285
24.356163 80.861 -103.1964
24.532658 80.888 -103.6678
24.710431 80.911 -104.1403
24.889493 80.931 -104.6117
25.069853 80.950 -105.0802
25.251519 80.968 -105.5440
25.434502 80.987 -106.0015
25.618811 81.007 -106.4506
25.804456 81.030 -106.8892
25.991445 81.054 -107.3153
26.179790 81.082 -107.7268
26.369500 81.114 -108.1225
26.560584 81.150 -108.5017
26.753053 81.190 -108.8652
26.946917 81.235 -109.2149
27.142185 81.285 -109.5540
27.338869 81.340 -109.8868
27.536977 81.399 -110.2180
27.736522 81.461 -110.5524
27.937512 81.525 -110.8945
28.139959 81.591 -111.2476
28.343872 81.656 -111.6138
28.549264 81.720 -111.9939
28.756143 81.780 -112.3873
28.964522 81.837 -112.7920
29.174411 81.890 -113.2056
29.385821 81.937 -113.6248
29.598763 81.979 -114.0466
29.813248 82.017 -114.4683
30.029287 82.052 -114.8876
30.246891 82.084 -115.3034
30.466073 82.115 -115.7151
30.686842 82.146 -116.1235
30.909212 82.179 -116.5298
31.133193 82.215 -116.9363
31.358797 82.257 -117.3453
31.586035 82.304 -117.7596
31.814921 82.358 -118.1814
32.045465 82.419 -118.6125
32.277680 82.487 -119.0540
32.511577 82.562 -119.5058
32.747169 82.643 -119.9669
32.984469 82.730 -120.4356
33.223488 82.822 -120.9094
33.464239 82.918 -121.3857
33.706735 83.017 -121.8622
33.950987 83.119 -122.3366
34.197010 83.223 -122.8076
34.444816 83.327 -123.2743
34.694417 83.431 -123.7362
34.945827 83.535 -124.1931
35.199059 83.636 -124.6448
35.454126 83.735 -125.0905
35.711041 83.832 -125.5294
35.969818 83.925 -125.9602
36.230470 84.014 -126.3817
36.493011 84.100 -126.7934
36.757455 84.184 -127.1955
37.023814 84.265 -127.5894
37.292104 84.345 -127.9773
37.562338 84.423 -128.3626
37.834530 84.501 -128.7485
38.108695 84.579 -129.1380
38.384846 84.656 -129.5329
38.662999 84.733 -129.9339
38.943167 84.809 -130.3402
39.225365 84.883 -130.7503
39.509608 84.957 -131.1620
39.795911 85.029 -131.5735
40.084289 85.099 -131.9832
40.374756 85.168 -132.3897
40.667328 85.233 -132.7924
40.962020 85.296 -133.1905
41.258848 85.356 -133.5832
41.557827 85.413 -133.9699
41.858972 85.466 -134.3504
42.162299 85.517 -134.7252
42.467824 85.564 -135.0958
42.775564 85.609 -135.4650
43.085533 85.652 -135.8360
43.397749 85.693 -136.2130
43.712227 85.733 -136.5998
44.028983 85.773 -137.0001
44.348036 85.814 -137.4166
44.669400 85.855 -137.8512
44.993093 85.898 -138.3043
45.319131 85.942 -138.7747
45.647532 85.989 -139.2595
45.978313 86.036 -139.7542
46.311491 86.086 -140.2533
46.647083 86.135 -140.7509
46.985107 86.185 -141.2419
47.325581 86.234 -141.7231
47.668521 86.282 -142.1930
48.013947 86.328 -142.6527
48.361876 86.371 -143.1044
48.712326 86.412 -143.5513
49.065315 86.450 -143.9964
49.420863 86.484 -144.4422
49.778987 86.515 -144.8898
50.139706 86.542 -145.3396
50.503039 86.567 -145.7915
50.869005 86.589 -146.2456
51.237623 86.608 -146.7029
51.608912 86.626 -147.1651
51.982891 86.642 -147.6342
52.359580 86.655 -148.1120
52.739000 86.665 -148.5986
53.121168 86.672 -149.0926
53.506106 86.675 -149.5909
53.893833 86.674 -150.0896
54.284370 86.670 -150.5849
54.677737 86.663 -151.0735
55.073955 86.654 -151.5524
55.473043 86.645 -152.0189
55.875024 86.635 -152.4704
56.279917 86.626 -152.9038
56.687745 86.619 -153.3167
57.098527 86.614 -153.7077
57.512287 86.611 -154.0778
57.929045 86.612 -154.4313
58.348822 86.616 -154.7765
58.771642 86.624 -155.1254
59.197525 86.635 -155.4921
59.626495 86.649 -155.8896
60.058573 86.665 -156.3266
60.493782 86.683 -156.8055
60.932145 86.701 -157.3216
61.373685 86.721 -157.8653
61.818424 86.742 -158.4246
62.266386 86.764 -158.9875
62.717593 86.788 -159.5444
63.172071 86.812 -160.0884
63.629842 86.839 -160.6160
64.090930 86.866 -161.1258
64.555359 86.894 -161.6187
65.023154 86.922 -162.0961
65.494339 86.950 -162.5599
65.968938 86.977 -163.0123
66.446976 87.004 -163.4554
66.928478 87.030 -163.8913
67.413469 87.055 -164.3223
67.901975 87.080 -164.7504
68.394021 87.103 -165.1769
68.889632 87.125 -165.6025
69.388835 87.146 -166.0270
69.891655 87.166 -166.4496
70.398118 87.183 -166.8692
70.908252 87.199 -167.2842
71.422083 87.212 -167.6933
71.939636 87.223 -168.0953
72.460941 87.230 -168.4897
72.986023 87.234 -168.8765
73.514909 87.235 -169.2564
74.047629 87.233 -169.6305
74.584208 87.227 -170.0002
75.124676 87.218 -170.3665
75.669061 87.207 -170.7300
76.217390 87.194 -171.0910
76.769692 87.178 -171.4494
77.325997 87.161 -171.8054
77.886333 87.143 -172.1589
78.450730 87.123 -172.5105
79.019216 87.102 -172.8606
79.591822 87.080 -173.2098
80.168577 87.058 -173.5582
80.749512 87.035 -173.9058
81.334656 87.011 -174.2520
81.924040 86.988 -174.5958
82.517696 86.964 -174.9363
83.115653 86.940 -175.2727
83.717943 86.916 -175.6046
84.324598 86.892 -175.9322
84.935649 86.867 -176.2559
85.551128 86.843 -176.5761
86.171066 86.817 -176.8934
86.795497 86.792 -177.2083
87.424453 86.766 -177.5209
88.057967 86.739 -177.8315
88.696071 86.712 -178.1401
89.338800 86.685 -178.4464
89.986185 86.658 -178.7500
90.638262 86.631 -179.0505
91.295065 86.603 -179.3471
91.956626 86.576 -179.6397
92.622982 86.549 -179.9279
93.294166 86.522 179.7882
93.970214 86.494 179.5087
94.651161 86.466 179.2333
95.337042 86.437 178.9620
96.027894 86.409 178.6948
96.723752 86.381 178.4319
97.424652 86.353 178.1736
98.130631 86.325 177.9199
98.841726 86.298 177.6708
99.557974 86.273 177.4260
100.279412 86.248 177.1851
101.006078 86.225 176.9474
101.738010 86.203 176.7125
102.475245 86.182 176.4796
103.217823 86.162 176.2479
103.965782 86.144 176.0164
104.719161 86.126 175.7838
105.477999 86.109 175.5488
106.242336 86.092 175.3105
107.012212 86.075 175.0685
107.787666 86.058 174.8237
108.568740 86.042 174.5777
109.355474 86.026 174.3324
110.147909 86.010 174.0900
110.946086 85.996 173.8517
111.750047 85.982 173.6184
112.559834 85.970 173.3895
113.375489 85.958 173.1642
114.197055 85.947 172.9412
115.024574 85.936 172.7195
115.858089 85.925 172.4984
116.697645 85.914 172.2776
117.543284 85.902 172.0569
118.395051 85.889 171.8364
119.252990 85.875 171.6163
120.117147 85.859 171.3969
120.987565 85.842 171.1791
121.864291 85.824 170.9637
122.747370 85.804 170.7520
123.636848 85.783 170.5452
124.532771 85.760 170.3448
125.435187 85.737 170.1519
126.344142 85.714 169.9680
127.259684 85.689 169.7938
128.181860 85.664 169.6298
129.110718 85.637 169.4763
130.046308 85.610 169.3331
130.988677 85.583 169.2003
131.937875 85.554 169.0779
132.893951 85.525 168.9660
133.856956 85.496 168.8643
134.826938 85.467 168.7718
135.803950 85.437 168.6870
136.788041 85.408 168.6077
137.779264 85.378 168.5314
138.777669 85.349 168.4558
139.783309 85.319 168.3790
140.796237 85.289 168.2994
141.816504 85.258 168.2165
142.844165 85.226 168.1301
143.879273 85.193 168.0406
144.921881 85.158 167.9490
145.972045 85.122 167.8565
147.029819 85.085 167.7646
148.095257 85.046 167.6752
149.168417 85.005 167.5903
150.249353 84.964 167.5117
151.338121 84.921 167.4411
152.434780 84.877 167.3799
153.539385 84.833 167.3293
154.651995 84.789 167.2907
155.772667 84.744 167.2659
156.901460 84.700 167.2568
158.038432 84.656 167.2657
159.183644 84.613 167.2943
160.337154 84.571 167.3437
161.499023 84.531 167.4146
162.669312 84.493 167.5063
163.848081 84.457 167.6174
165.035392 84.425 167.7457
166.231306 84.396 167.8878
167.435887 84.371 168.0395
168.649196 84.351 168.1964
169.871298 84.335 168.3541
171.102255 84.323 168.5081
172.342133 84.315 168.6544
173.590995 84.311 168.7899
174.848907 84.310 168.9114
176.115934 84.312 169.0168
177.392143 84.317 169.1042
178.677599 84.323 169.1724
179.972371 84.331 169.2206
181.276525 84.339 169.2484
182.590129 84.348 169.2557
183.913252 84.356 169.2433
185.245964 84.364 169.2121
186.588332 84.371 169.1636
187.940428 84.377 169.0994
189.302322 84.381 169.0210
190.674085 84.383 168.9293
192.055788 84.384 168.8252
193.447503 84.383 168.7099
194.849303 84.381 168.5849
196.261262 84.378 168.4525
197.683452 84.373 168.3148
199.115948 84.368 168.1739
200.558824 84.361 168.0319
202.012156 84.354 167.8900
203.476019 84.347 167.7493
204.950490 84.338 167.6103
206.435646 84.329 167.4733
207.931564 84.318 167.3385
209.438322 84.307 167.2060
210.955998 84.294 167.0759
212.484672 84.280 166.9481
214.024424 84.266 166.8226
215.575333 84.250 166.6993
217.137481 84.235 166.5784
218.710948 84.220 166.4599
220.295818 84.205 166.3440
221.892172 84.191 166.2308
223.500094 84.179 166.1205
225.119668 84.167 166.0139
226.750978 84.158 165.9116
228.394109 84.149 165.8146
230.049147 84.143 165.7239
231.716178 84.138 165.6398
233.395289 84.134 165.5626
235.086567 84.132 165.4919
236.790102 84.130 165.4269
238.505980 84.128 165.3666
240.234293 84.127 165.3102
241.975130 84.127 165.2570
243.728581 84.126 165.2067
245.494739 84.125 165.1595
247.273695 84.125 165.1158
249.065542 84.124 165.0757
250.870374 84.125 165.0394
252.688284 84.125 165.0063
254.519367 84.126 164.9759
256.363720 84.127 164.9470
258.221437 84.128 164.9183
260.092616 84.129 164.8885
261.977354 84.130 164.8561
263.875750 84.132 164.8199
265.787903 84.133 164.7785
267.713911 84.135 164.7310
269.653877 84.137 164.6770
271.607900 84.138 164.6172
273.576083 84.139 164.5529
275.558528 84.140 164.4862
277.555338 84.141 164.4189
279.566619 84.142 164.3523
281.592474 84.142 164.2868
283.633009 84.142 164.2224
285.688331 84.143 164.1588
287.758546 84.145 164.0958
289.843763 84.148 164.0336
291.944090 84.152 163.9725
294.059638 84.157 163.9133
296.190515 84.164 163.8568
298.336833 84.172 163.8034
300.498705 84.182 163.7535
302.676243 84.192 163.7071
304.869559 84.203 163.6637
307.078770 84.214 163.6231
309.303989 84.225 163.5851
311.545334 84.237 163.5496
313.802919 84.248 163.5164
316.076865 84.259 163.4855
318.367288 84.269 163.4566
320.674309 84.280 163.4295
322.998047 84.290 163.4035
325.338624 84.301 163.3781
327.696162 84.311 163.3529
330.070783 84.320 163.3276
332.462612 84.330 163.3024
334.871773 84.339 163.2777
337.298392 84.348 163.2543
339.742595 84.356 163.2324
342.204510 84.363 163.2123
344.684265 84.369 163.1935
347.181989 84.374 163.1750
349.697813 84.378 163.1561
352.231868 84.381 163.1361
354.784285 84.383 163.1149
357.355198 84.383 163.0926
359.944741 84.382 163.0697
362.553049 84.380 163.0467
365.180258 84.377 163.0239
367.826505 84.374 163.0014
370.491927 84.370 162.9792
373.176665 84.367 162.9570
375.880856 84.363 162.9346
378.604644 84.360 162.9116
381.348169 84.357 162.8876
384.111575 84.354 162.8625
386.895006 84.352 162.8365
389.698607 84.349 162.8096
392.522524 84.346 162.7825
395.366904 84.343 162.7556
398.231895 84.339 162.7295
401.117648 84.333 162.7049
404.024312 84.327 162.6823
406.952038 84.319 162.6624
409.900981 84.310 162.6455
412.871292 84.300 162.6320
415.863128 84.288 162.6225
418.876643 84.276 162.6172
421.911996 84.262 162.6163
424.969344 84.248 162.6198
428.048847 84.233 162.6267
431.150666 84.217 162.6359
434.274961 84.201 162.6458
437.421897 84.184 162.6550
440.591636 84.166 162.6625
443.784345 84.147 162.6677
447.000189 84.128 162.6704
450.239337 84.108 162.6711
453.501956 84.088 162.6700
456.788219 84.067 162.6678
460.098294 84.046 162.6650
463.432356 84.025 162.6622
466.790578 84.004 162.6595
470.173135 83.983 162.6570
473.580203 83.963 162.6549
477.011961 83.944 162.6530
480.468586 83.925 162.6516
483.950259 83.907 162.6508
487.457163 83.891 162.6505
490.989478 83.876 162.6508
494.547390 83.862 162.6519
498.131084 83.850 162.6538
501.740748 83.839 162.6565
505.376568 83.830 162.6600
509.038735 83.822 162.6639
512.727439 83.817 162.6676
516.442874 83.814 162.6705
520.185232 83.813 162.6719
523.954708 83.814 162.6710
527.751500 83.818 162.6675
531.575805 83.824 162.6609
535.427822 83.832 162.6510
539.307753 83.842 162.6376
543.215800 83.856 162.6207
547.152165 83.871 162.6008
551.117055 83.889 162.5781
555.110677 83.910 162.5532
559.133237 83.933 162.5267
563.184947 83.958 162.4991
567.266018 83.985 162.4710
571.376661 84.014 162.4429
575.517092 84.045 162.4150
579.687526 84.076 162.3871
583.888181 84.109 162.3586
588.119275 84.142 162.3285
592.381030 84.175 162.2958
596.673667 84.209 162.2594
600.997410 84.242 162.2183
605.352485 84.276 162.1716
609.739119 84.309 162.1187
614.157540 84.341 162.0591
618.607979 84.372 161.9927
623.090667 84.402 161.9196
627.605839 84.431 161.8406
632.153730 84.458 161.7561
636.734576 84.483 161.6671
641.348617 84.507 161.5742
645.996094 84.528 161.4779
650.677248 84.548 161.3787
655.392323 84.567 161.2767
660.141566 84.584 161.1718
664.925224 84.600 161.0635
669.743546 84.615 160.9514
674.596784 84.629 160.8349
679.485191 84.642 160.7136
684.409020 84.653 160.5874
689.368530 84.663 160.4567
694.363979 84.671 160.3224
699.395626 84.678 160.1856
704.463736 84.683 160.0480
709.568570 84.687 159.9111
714.710396 84.689 159.7767
719.889483 84.689 159.6458
725.106099 84.689 159.5185
730.360516 84.688 159.3939
735.653010 84.686 159.2703
740.983855 84.683 159.1458
746.353329 84.680 159.0185
751.761713 84.675 158.8868
757.209288 84.671 158.7498
762.696339 84.665 158.6064
768.223151 84.658 158.4559
773.790013 84.650 158.2975
779.397214 84.642 158.1303
785.045047 84.633 157.9542
790.733808 84.623 157.7690
796.463791 84.612 157.5751
802.235296 84.601 157.3736
808.048623 84.589 157.1652
813.904077 84.577 156.9513
819.801961 84.564 156.7325
825.742584 84.551 156.5097
831.726255 84.539 156.2831
837.753287 84.527 156.0529
843.823992 84.515 155.8190
849.938689 84.503 155.5811
856.097695 84.492 155.3385
862.301332 84.480 155.0909
868.549922 84.469 154.8380
874.843793 84.458 154.5800
881.183272 84.447 154.3173
887.568689 84.436 154.0510
894.000378 84.425 153.7819
900.478673 84.414 153.5107
907.003913 84.403 153.2375
913.576437 84.393 152.9622
920.196588 84.383 152.6843
926.864712 84.374 152.4042
933.581156 84.365 152.1224
940.346270 84.357 151.8401
947.160407 84.350 151.5587
954.023921 84.344 151.2790
960.937172 84.339 151.0016
967.900519 84.335 150.7261
974.914325 84.333 150.4515
981.978956 84.333 150.1766
989.094780 84.335 149.8999
996.262169 84.338 149.6204
1003.481495 84.343 149.3378
1010.753136 84.349 149.0520
1018.077470 84.357 148.7634
1025.454879 84.366 148.4720
1032.885748 84.376 148.1780
1040.370463 84.388 147.8809
1047.909417 84.400 147.5800
1055.503000 84.413 147.2753
1063.151610 84.426 146.9673
1070.855645 84.439 146.6572
1078.615506 84.451 146.3472
1086.431599 84.462 146.0394
1094.304330 84.473 145.7358
1102.234110 84.482 145.4377
1110.221353 84.491 145.1454
1118.266475 84.499 144.8587
1126.369895 84.505 144.5770
1134.532035 84.511 144.2996
1142.753322 84.516 144.0262
1151.034184 84.519 143.7570
1159.375052 84.521 143.4925
1167.776361 84.522 143.2332
1176.238550 84.521 142.9796
1184.762060 84.519 142.7323
1193.347334 84.515 142.4916
1201.994821 84.510 142.2582
1210.704971 84.504 142.0332
1219.478238 84.496 141.8177
1228.315080 84.488 141.6130
1237.215957 84.479 141.4200
1246.181334 84.470 141.2390
1255.211678 84.461 141.0695
1264.307459 84.452 140.9106
1273.469152 84.444 140.7607
1282.697235 84.436 140.6179
1291.992188 84.428 140.4807
1301.354495 84.421 140.3479
1310.784647 84.413 140.2196
1320.283132 84.405 140.0966
1329.850448 84.397 139.9802
1339.487093 84.388 139.8718
1349.193569 84.379 139.7720
1358.970381 84.369 139.6810
1368.818041 84.360 139.5983
1378.737061 84.351 139.5233
1388.727958 84.343 139.4554
1398.791253 84.335 139.3940
1408.927471 84.328 139.3386
1419.137140 84.322 139.2891
1429.420793 84.316 139.2457
1439.778965 84.311 139.2097
1450.212197 84.307 139.1824
1460.721033 84.304 139.1657
1471.306019 84.301 139.1608
1481.967709 84.299 139.1689
1492.706658 84.297 139.1910
1503.523426 84.295 139.2286
1514.418576 84.293 139.2832
1525.392678 84.291 139.3566
1536.446302 84.287 139.4503
1547.580025 84.284 139.5655
1558.794428 84.279 139.7026
1570.090095 84.272 139.8617
1581.467615 84.265 140.0425
1592.927581 84.256 140.2449
1604.470591 84.246 140.4687
1616.097246 84.233 140.7142
1627.808153 84.220 140.9818
1639.603922 84.205 141.2712
1651.485168 84.190 141.5823
1663.452510 84.174 141.9144
1675.506573 84.158 142.2662
1687.647984 84.143 142.6353
1699.877377 84.129 143.0190
1712.195390 84.116 143.4143
1724.602663 84.104 143.8187
1737.099845 84.095 144.2301
1749.687587 84.087 144.6468
1762.366544 84.081 145.0674
1775.137379 84.077 145.4908
1788.000756 84.076 145.9162
1800.957346 84.077 146.3423
1814.007826 84.080 146.7672
1827.152874 84.087 147.1879
1840.393177 84.096 147.6008
1853.729425 84.107 148.0017
1867.162312 84.121 148.3860
1880.692540 84.137 148.7492
1894.320813 84.154 149.0878
1908.047843 84.172 149.3995
1921.874344 84.189 149.6830
1935.801038 84.205 149.9385
1949.828650 84.220 150.1672
1963.957912 84.232 150.3716
1978.189561 84.241 150.5544
1992.524338 84.249 150.7187
2006.962991 84.254 150.8660
2021.506272 84.257 150.9966
2036.154940 84.259 151.1088
2050.909758 84.260 151.2000
2065.771495 84.260 151.2678
2080.740927 84.259 151.3102
2095.818833 84.257 151.3260
2111.006001 84.254 151.3150
2126.303220 84.249 151.2773
2141.711290 84.242 151.2140
2157.231013 84.233 151.1266
2172.863198 84.221 151.0176
2188.608660 84.208 150.8894
2204.468221 84.192 150.7451
2220.442706 84.173 150.5876
2236.532950 84.152 150.4199
2252.739789 84.130 150.2443
2269.064070 84.105 150.0623
2285.506644 84.079 149.8749
2302.068367 84.052 149.6825
2318.750104 84.024 149.4858
2335.552723 83.994 149.2858
2352.477101 83.964 149.0836
2369.524119 83.934 148.8802
2386.694668 83.903 148.6765
2403.989641 83.872 148.4728
2421.409941 83.842 148.2690
2438.956476 83.812 148.0651
2456.630160 83.784 147.8603
2474.431915 83.757 147.6537
2492.362668 83.731 147.4436
2510.423356 83.706 147.2281
2528.614918 83.683 147.0049
2546.938304 83.661 146.7718
2565.394469 83.639 146.5278
2583.984375 83.616 146.2735
2602.708991 83.592 146.0118
2621.569293 83.565 145.7478
2640.566265 83.535 145.4883
2659.700897 83.501 145.2413
2678.974186 83.463 145.0154
2698.387137 83.423 144.8185
2717.940763 83.379 144.6576
2737.636082 83.333 144.5381
2757.474121 83.286 144.4638
2777.455915 83.238 144.4375
2797.582506 83.190 144.4610
2817.854942 83.142 144.5362
2838.274281 83.095 144.6650
2858.841586 83.049 144.8499
2879.557931 83.005 145.0934
2900.424394 82.964 145.3975
2921.442065 82.925 145.7634
2942.612039 82.891 146.1905
2963.935418 82.861 146.6769
2985.413316 82.837 147.2188
3007.046852 82.819 147.8105
3028.837153 82.808 148.4454
3050.785356 82.803 149.1154
3072.892604 82.804 149.8115
3095.160050 82.812 150.5233
3117.588856 82.827 151.2394
3140.180190 82.846 151.9476
3162.935230 82.870 152.6354
3185.855163 82.897 153.2920
3208.941182 82.925 153.9090
3232.194493 82.951 154.4826
3255.616307 82.974 155.0142
3279.207844 82.992 155.5100
3302.970336 83.004 155.9806
3326.905021 83.008 156.4395
3351.013146 83.006 156.9016
3375.295969 82.998 157.3810
3399.754755 82.986 157.8889
3424.390779 82.974 158.4312
3449.205326 82.964 159.0070
3474.199690 82.959 159.6069
3499.375173 82.964 160.2140
3524.733088 82.979 160.8049
3550.274757 83.008 161.3526
3576.001511 83.048 161.8292
3601.914692 83.100 162.2097
3628.015651 83.160 162.4746
3654.305748 83.226 162.6116
3680.786354 83.293 162.6167
3707.458849 83.359 162.4935
3734.324624 83.419 162.2531
3761.385080 83.471 161.9116
3788.641627 83.512 161.4891
3816.095686 83.541 161.0074
3843.748688 83.557 160.4885
3871.602076 83.561 159.9532
3899.657300 83.552 159.4203
3927.915825 83.532 158.9063
3956.379122 83.502 158.4253
3985.048676 83.463 157.9886
4013.925981 83.417 157.6053
4043.012544 83.365 157.2822
4072.309879 83.308 157.0243
4101.819515 83.248 156.8347
4131.542990 83.185 156.7155
4161.481854 83.121 156.6676
4191.637667 83.055 156.6914
4222.012001 82.989 156.7870
4252.606441 82.923 156.9537
4283.422580 82.857 157.1907
4314.462026 82.792 157.4964
4345.726396 82.728 157.8686
4377.217321 82.666 158.3038
4408.936442 82.606 158.7981
4440.885413 82.548 159.3463
4473.065899 82.492 159.9426
4505.479579 82.440 160.5811
4538.128141 82.390 161.2552
4571.013288 82.344 161.9589
4604.136735 82.300 162.6864
4637.500207 82.260 163.4327
4671.105446 82.223 164.1935
4704.954201 82.189 164.9656
4739.048239 82.159 165.7462
4773.389336 82.132 166.5340
4807.979283 82.110 167.3279
4842.819883 82.091 168.1281
4877.912952 82.077 168.9349
4913.260320 82.067 169.7496
4948.863830 82.064 170.5738
4984.725337 82.066 171.4094
5020.846712 82.076 172.2586
5057.229836 82.094 173.1234
5093.876609 82.120 174.0056
5130.788938 82.157 174.9068
5167.968750 82.205 175.8277
5205.417982 82.265 176.7682
5243.138586 82.339 177.7273
5281.132530 82.428 178.7024
5319.401793 82.533 179.6897
5357.948371 82.654 -179.3164
5396.774274 82.794 -178.3232
5435.881525 82.952 -177.3397
5475.272163 83.129 -176.3773
5514.948243 83.326 -175.4491
5554.911831 83.540 -174.5701
5595.165012 83.772 -173.7567
5635.709884 84.020 -173.0254
5676.548561 84.282 -172.3926
5717.683172 84.556 -171.8730
5759.115861 84.838 -171.4791
5800.848789 85.126 -171.2207
5842.884130 85.417 -171.1046
5885.224077 85.708 -171.1350
5927.870837 85.995 -171.3129
5970.826633 86.276 -171.6365
6014.093704 86.547 -172.1014
6057.674306 86.807 -172.7005
6101.570711 87.052 -173.4244
6145.785208 87.282 -174.2614
6190.320101 87.494 -175.1977
6235.177712 87.687 -176.2181
6280.360380 87.861 -177.3066
6325.870460 88.015 -178.4465
6371.710325 88.151 -179.6219
6417.882365 88.269 179.1815
6464.388986 88.372 177.9756
6511.232613 88.462 176.7684
6558.415689 88.541 175.5634
6605.940673 88.612 174.3588
6653.810042 88.677 173.1476
6702.026292 88.740 171.9176
6750.591937 88.800 170.6526
6799.509509 88.860 169.3338
6848.781558 88.918 167.9413
6898.410653 88.974 166.4563
6948.399380 89.025 164.8627
6998.750346 89.069 163.1485
7049.466176 89.102 161.3060
7100.549514 89.120 159.3326
7152.003023 89.121 157.2301
7203.829385 89.101 155.0046
7256.031302 89.057 152.6656
7308.611496 88.987 150.2251
7361.572708 88.888 147.6975
7414.917698 88.757 145.0990
7468.649249 88.595 142.4468
7522.770160 88.399 139.7586
7577.283253 88.170 137.0520
7632.191371 87.907 134.3431
7687.497376 87.611 131.6454
7743.204151 87.284 128.9684
7799.314600 86.928 126.3163
7855.831649 86.545 123.6874
7912.758244 86.138 121.0732
7970.097352 85.710 118.4590
8027.851962 85.263 115.8240
8086.025087 84.799 113.1420
8144.619758 84.320 110.3816
8203.639030 83.827 107.5067
8263.085980 83.323 104.4757
8322.963708 82.806 101.2411
8383.275334 82.279 97.7466
8444.024002 81.742 93.9246
8505.212881 81.197 89.6902
8566.845160 80.644 84.9322
8628.924051 80.088 79.4977
8691.452792 79.535 73.1681
8754.434642 78.993 65.6222
8817.872884 78.475 56.3922
8881.770826 77.998 44.8457
8946.131799 77.582 30.3249
9010.959157 77.249 12.7179
9076.256282 77.020 -6.6295
9142.026576 76.909 -25.1124
9208.273470 76.920 -40.7859
9275.000415 77.045 -53.3391
9342.210891 77.267 -63.3586
9409.908403 77.562 -71.5586
9478.096478 77.903 -78.5105
9546.778672 78.266 -84.6210
9615.958566 78.626 -90.1697
9685.639765 78.965 -95.3444
9755.825904 79.265 -100.2676
9826.520640 79.515 -105.0118
9897.727659 79.702 -109.6117
9969.450674 79.820 -114.0709
10041.693423 79.865 -118.3700
10114.459673 79.832 -122.4713
10187.753217 79.724 -126.3259
10261.577877 79.541 -129.8776
10335.937500 79.290 -133.0677
10410.835964 78.979 -135.8396
10486.277173 78.616 -138.1447
10562.265060 78.216 -139.9503
10638.803587 77.794 -141.2499
10715.896743 77.368 -142.0736
10793.548548 76.957 -142.4966
10871.763050 76.578 -142.6389
10950.544327 76.243 -142.6519
11029.896485 75.958 -142.6941
11109.823662 75.717 -142.9010
11190.330024 75.507 -143.3611
11271.419768 75.310 -144.1052
11353.097122 75.107 -145.1078
11435.366344 74.879 -146.2977
11518.231722 74.613 -147.5714
11601.697577 74.299 -148.8051
11685.768261 73.935 -149.8651
11770.448155 73.525 -150.6156
11855.741674 73.077 -150.9282
11941.653265 72.607 -150.6966
12028.187408 72.137 -149.8607
12115.348612 71.692 -148.4420
12203.141422 71.302 -146.5768
12291.570415 70.995 -144.5274
12380.640201 70.787 -142.6434
12470.355424 70.681 -141.2795
12560.720760 70.664 -140.7110
12651.740920 70.712 -141.0914
12743.420650 70.795 -142.4618
12835.764729 70.885 -144.7883
12928.777972 70.959 -148.0034
13022.465227 71.001 -152.0365
13116.831378 71.002 -156.8365
13211.881345 70.959 -162.3903
13307.620084 70.873 -168.7462
13404.052584 70.753 -176.0576
13501.183875 70.608 175.3260
13599.019019 70.454 164.6394
13697.563116 70.303 150.1367
13796.821305 70.172 127.7201
13896.798760 70.072 91.1205
13997.500692 70.011 49.3228
14098.932352 69.992 21.0406
14201.099028 70.015 3.4004
14304.006046 70.070 -9.2139
14407.658770 70.148 -19.3849
14512.062604 70.233 -28.2416
14617.222992 70.313 -36.3237
14723.145416 70.372 -43.9103
14829.835397 70.398 -51.1525
14937.298497 70.382 -58.1320
15045.540320 70.312 -64.8876
15154.566507 70.184 -71.4298
15264.382743 69.991 -77.7484
15374.994752 69.730 -83.8195
15486.408302 69.402 -89.6147
15598.629201 69.012 -95.1140
15711.663298 68.568 -100.3197
15825.516487 68.083 -105.2676
15940.194703 67.569 -110.0267
16055.703925 67.039 -114.6863
16172.050174 66.499 -119.3351
16289.239516 65.953 -124.0393
16407.278061 65.397 -128.8309
16526.171961 64.824 -133.7070
16645.927415 64.227 -138.6357
16766.550667 63.596 -143.5649
16888.048005 62.925 -148.4281
17010.425762 62.210 -153.1499
17133.690320 61.446 -157.6499
17257.848103 60.634 -161.8459
17382.905584 59.777 -165.6606
17508.869284 58.879 -169.0298
17635.745768 57.950 -171.9124
17763.541652 57.008 -174.3083
17892.263597 56.072 -176.2791
18021.918315 55.175 -177.9695
18152.512564 54.354 -179.6201
18284.053153 53.650 178.4440
18416.546939 53.098 175.8545
18550.000830 52.718 172.2581
18684.421783 52.504 167.3724
18819.816805 52.430 161.0264
18956.192956 52.457 153.1934
19093.557344 52.544 144.0435
19231.917131 52.658 134.0090
19371.279531 52.773 123.8074
19511.651807 52.875 114.3406
19653.041280 52.954 106.4878
19795.455318 53.007 100.9204
19938.901348 53.033 98.0461
